0.000000 0.000000
69.000000 1.054000
222.000000 0.752000
324.000000 0.557000
477.000000 0.297000
579.000000 0.155000
732.000000 -0.007000
808.000000 -0.064000
833.000000 -0.079000
986.000000 -0.120000
1079.000000 -0.101000
1088.000000 -0.097000
1171.000000 -0.044000
1216.000000 -0.002000
1241.000000 0.026000
1262.000000 0.052000
1343.000000 0.168000
1354.000000 0.186000
1420.000000 0.302000
1446.000000 0.353000
1537.000000 0.542000
1598.000000 0.670000
1629.000000 0.733000
1700.000000 0.867000
1720.000000 0.901000
1812.000000 1.014000
1853.000000 1.040000
1904.000000 1.047000
1955.000000 1.025000
1995.000000 0.985000
2087.000000 0.828000
2108.000000 0.781000
2178.000000 0.591000
2210.000000 0.496000
2270.000000 0.297000
2362.000000 -0.027000
2362.000000 -0.030000
2439.000000 -0.305000
2453.000000 -0.356000
2464.000000 -0.395000
2545.000000 -0.669000
2617.000000 -0.893000
2636.000000 -0.949000
2719.000000 -1.161000
2728.000000 -1.181000
2820.000000 -1.356000
2872.000000 -1.427000
2911.000000 -1.466000
2974.000000 -1.506000
3003.000000 -1.515000
3095.000000 -1.514000
3127.000000 -1.506000
3186.000000 -1.487000
3229.000000 -1.474000
3278.000000 -1.465000
3369.000000 -1.482000
3382.000000 -1.490000
3458.000000 -1.570000
3461.000000 -1.574000
3484.000000 -1.612000
3553.000000 -1.769000
3637.000000 -2.056000
3694.000000 -2.312000
3739.000000 -2.544000
3836.000000 -3.133000
3892.000000 -3.512000
3977.000000 -4.124000
3993.000000 -4.241000
4119.000000 -5.130000
4146.000000 -5.318000
4248.000000 -5.975000
4260.000000 -6.049000
4401.000000 -6.869000
4402.000000 -6.873000
4478.000000 -7.292000
4503.000000 -7.431000
4543.000000 -7.648000
4656.000000 -8.244000
4685.000000 -8.391000
4758.000000 -8.740000
4827.000000 -9.026000
4911.000000 -9.293000
4968.000000 -9.408000
5013.000000 -9.454000
5166.000000 -9.321000
5251.000000 -9.077000
5268.000000 -9.019000
5393.000000 -8.510000
5421.000000 -8.385000
5497.000000 -8.034000
5523.000000 -7.916000
5534.000000 -7.862000
5675.000000 -7.223000
5676.000000 -7.221000
5777.000000 -6.792000
5817.000000 -6.634000
5930.000000 -6.235000
5959.000000 -6.147000
6032.000000 -5.953000
6100.000000 -5.818000
6185.000000 -5.716000
6242.000000 -5.690000
6287.000000 -5.695000
6384.000000 -5.782000
6440.000000 -5.882000
6516.000000 -6.085000
6525.000000 -6.113000
6571.000000 -6.285000
6667.000000 -6.763000
6768.000000 -7.497000
6808.000000 -7.854000
6948.000000 -9.396000
6950.000000 -9.420000
7050.000000 -10.714000
7150.000000 -12.017000
7217.000000 -12.827000
7250.000000 -13.197000
7350.000000 -14.163000
7379.000000 -14.394000
7412.000000 -14.638000
7473.000000 -15.023000
7535.000000 -15.330000
7544.000000 -15.370000
7597.000000 -15.570000
7655.000000 -15.749000
7658.000000 -15.759000
7720.000000 -15.909000
7782.000000 -16.035000
7821.000000 -16.108000
7843.000000 -16.148000
7904.000000 -16.256000
7905.000000 -16.258000
7931.000000 -16.306000
7967.000000 -16.373000
8028.000000 -16.500000
8090.000000 -16.644000
8097.000000 -16.662000
8152.000000 -16.810000
8208.000000 -16.982000
8213.000000 -17.001000
8275.000000 -17.219000
8337.000000 -17.463000
8374.000000 -17.623000
8398.000000 -17.734000
8460.000000 -18.028000
8484.000000 -18.148000
8522.000000 -18.339000
8583.000000 -18.662000
8645.000000 -18.989000
8650.000000 -19.015000
8851.000000 -20.018000
9070.000000 -20.978000
9631.000000 -30.142000
9926.000000 -34.826000
10050.000000 -35.680000
10509.000000 -34.043000
10850.000000 -33.854000
10910.000000 -34.288000
11650.000000 -58.710000
12450.000000 -75.398000
13154.000000 -73.656000
13857.000000 -75.009000
17450.000000 -87.070000
23085.000000 -115.740000
26055.000000 -99.387000
26969.000000 -101.976000
27273.000000 -101.624000
27575.000000 -102.350000
27876.000000 -103.577000
28177.000000 -104.070000
28476.000000 -103.819000
28775.000000 -103.930000
29073.000000 -104.967000
29369.000000 -105.522000
29665.000000 -103.796000
29960.000000 -100.357000
30195.000000 -97.933000
30253.000000 -97.440000
30413.000000 -96.225000
30468.000000 -95.829000
30546.000000 -95.246000
30710.000000 -93.875000
30741.000000 -93.583000
30832.000000 -92.653000
30955.000000 -91.287000
30959.000000 -91.243000
31077.000000 -89.862000
31173.000000 -88.768000
31242.000000 -88.026000
31268.000000 -87.760000
31363.000000 -86.873000
31458.000000 -86.125000
31552.000000 -85.512000
31646.000000 -85.016000
31657.000000 -84.964000
31739.000000 -84.616000
31832.000000 -84.291000
31925.000000 -84.030000
32017.000000 -83.830000
32109.000000 -83.697000
32200.000000 -83.639000
32280.000000 -83.656000
32291.000000 -83.664000
32382.000000 -83.772000
32472.000000 -83.956000
32561.000000 -84.196000
32651.000000 -84.463000
32739.000000 -84.724000
32794.000000 -84.866000
32828.000000 -84.944000
33003.000000 -85.154000
33090.000000 -85.129000
33262.000000 -84.909000
33347.000000 -84.778000
33433.000000 -84.671000
33517.000000 -84.612000
33564.000000 -84.606000
33601.000000 -84.618000
33685.000000 -84.699000
33768.000000 -84.862000
33851.000000 -85.108000
33934.000000 -85.429000
34078.000000 -86.116000
34097.000000 -86.212000
34178.000000 -86.616000
34206.000000 -86.750000
34338.000000 -87.266000
34418.000000 -87.447000
34497.000000 -87.498000
34576.000000 -87.404000
34654.000000 -87.160000
34732.000000 -86.769000
34809.000000 -86.246000
34939.000000 -85.114000
35063.000000 -83.838000
35317.000000 -81.175000
35568.000000 -78.818000
35819.000000 -76.575000
36067.000000 -74.656000
36315.000000 -73.479000
36561.000000 -72.746000
36640.000000 -72.521000
36806.000000 -72.108000
37049.000000 -72.313000
37291.000000 -74.726000
37531.000000 -79.220000
37770.000000 -83.946000
38008.000000 -87.089000
38245.000000 -87.743000
38480.000000 -86.317000
38714.000000 -84.415000
38946.000000 -83.419000
39178.000000 -83.362000
39192.000000 -83.375000
39408.000000 -83.601000
39637.000000 -83.637000
39865.000000 -83.325000
40091.000000 -82.872000
40317.000000 -82.619000
40541.000000 -82.572000
40764.000000 -82.216000
40865.000000 -81.829000
40986.000000 -81.192000
41208.000000 -80.014000
41428.000000 -79.898000
41647.000000 -81.326000
41865.000000 -83.228000
42082.000000 -84.304000
42298.000000 -84.049000
42513.000000 -82.583000
42727.000000 -80.520000
42941.000000 -79.018000
43154.000000 -78.973000
43366.000000 -80.086000
43375.000000 -80.147000
43577.000000 -81.237000
43787.000000 -81.472000
43997.000000 -80.792000
44132.000000 -80.192000
44206.000000 -79.878000
44414.000000 -79.092000
44622.000000 -78.241000
44829.000000 -77.155000
45036.000000 -76.143000
45242.000000 -75.626000
45266.000000 -75.606000
45447.000000 -75.688000
45653.000000 -76.023000
45858.000000 -76.104000
46023.000000 -75.783000
46062.000000 -75.668000
46266.000000 -75.142000
46470.000000 -75.591000
46673.000000 -77.763000
46877.000000 -80.916000
47080.000000 -83.678000
47157.000000 -84.479000
47283.000000 -85.498000
47486.000000 -86.612000
47689.000000 -87.512000
47892.000000 -88.395000
47913.000000 -88.474000
48095.000000 -88.815000
48298.000000 -88.135000
48405.000000 -87.298000
48568.000000 -85.621000
48616.000000 -85.078000
48731.000000 -83.775000
48894.000000 -82.019000
48937.000000 -81.594000
49058.000000 -80.495000
49222.000000 -79.298000
49386.000000 -78.481000
49418.000000 -78.362000
49550.000000 -77.986000
49715.000000 -77.629000
49739.000000 -77.575000
49881.000000 -77.180000
50047.000000 -76.486000
50213.000000 -75.559000
50221.000000 -75.513000
50380.000000 -74.528000
50541.000000 -73.591000
50547.000000 -73.560000
50622.000000 -73.193000
50884.000000 -72.349000
51023.000000 -72.147000
51054.000000 -72.111000
51224.000000 -71.883000
51305.000000 -71.717000
51395.000000 -71.467000
51567.000000 -70.768000
51729.000000 -69.830000
51740.000000 -69.755000
51914.000000 -68.358000
52005.000000 -67.441000
52089.000000 -66.479000
52265.000000 -64.177000
52419.000000 -62.138000
52442.000000 -61.862000
52620.000000 -60.284000
52708.000000 -60.043000
52830.000000 -60.471000
53042.000000 -63.152000
53193.000000 -65.782000
53255.000000 -66.823000
53469.000000 -69.676000
53516.000000 -70.119000
53597.000000 -70.747000
53685.000000 -71.262000
53903.000000 -72.008000
54001.000000 -72.207000
54123.000000 -72.415000
54324.000000 -72.777000
54344.000000 -72.820000
54568.000000 -73.368000
54793.000000 -73.832000
54890.000000 -73.893000
54891.000000 -73.893000
55020.000000 -73.804000
55051.000000 -73.756000
55249.000000 -73.364000
55480.000000 -73.250000
55536.000000 -73.354000
55538.000000 -73.357000
55714.000000 -74.031000
55949.000000 -75.403000
56183.000000 -76.572000
56184.000000 -76.576000
56187.000000 -76.587000
56428.000000 -76.662000
56670.000000 -74.726000
56830.000000 -72.439000
56831.000000 -72.423000
56915.000000 -71.036000
57163.000000 -67.221000
57413.000000 -64.787000
57476.000000 -64.396000
57477.000000 -64.389000
57666.000000 -63.435000
57922.000000 -62.439000
58095.000000 -62.278000
58096.000000 -62.279000
58181.000000 -62.453000
58443.000000 -63.990000
58567.000000 -65.056000
58568.000000 -65.066000
58707.000000 -66.276000
58974.000000 -67.978000
59039.000000 -68.186000
59040.000000 -68.189000
59245.000000 -68.259000
59511.000000 -67.242000
59512.000000 -67.236000
59519.000000 -67.200000
59796.000000 -65.934000
60076.000000 -66.267000
60101.000000 -66.389000
60102.000000 -66.395000
60360.000000 -68.129000
60455.000000 -68.846000
60456.000000 -68.855000
60573.000000 -69.724000
60647.000000 -70.265000
60927.000000 -72.366000
60928.000000 -72.374000
60938.000000 -72.452000
61232.000000 -75.113000
61399.000000 -77.033000
61400.000000 -77.047000
61530.000000 -78.939000
61832.000000 -84.472000
61940.000000 -86.361000
61940.000000 -86.376000
62102.000000 -88.698000
62254.000000 -90.356000
62396.000000 -91.735000
62397.000000 -91.743000
62405.000000 -91.818000
62556.000000 -93.337000
62708.000000 -94.912000
62859.000000 -96.323000
62967.000000 -97.107000
62968.000000 -97.112000
62969.000000 -97.118000
63011.000000 -97.358000
63162.000000 -97.974000
63314.000000 -98.278000
63424.000000 -98.404000
63425.000000 -98.405000
63465.000000 -98.446000
63617.000000 -98.638000
63768.000000 -98.946000
63881.000000 -99.249000
63882.000000 -99.252000
63919.000000 -99.359000
64071.000000 -99.769000
64222.000000 -100.018000
64338.000000 -100.024000
64339.000000 -100.023000
64374.000000 -99.991000
64525.000000 -99.700000
64677.000000 -99.285000
64795.000000 -98.980000
64796.000000 -98.978000
64828.000000 -98.904000
64980.000000 -98.615000
65131.000000 -98.333000
65251.000000 -98.001000
65252.000000 -97.998000
65253.000000 -97.995000
65282.000000 -97.888000
65434.000000 -97.113000
65585.000000 -95.944000
65708.000000 -94.785000
65737.000000 -94.509000
65888.000000 -93.114000
66040.000000 -92.033000
66165.000000 -91.436000
66166.000000 -91.432000
66191.000000 -91.341000
66343.000000 -90.938000
66494.000000 -90.717000
66622.000000 -90.665000
66623.000000 -90.665000
66645.000000 -90.673000
66797.000000 -90.921000
66948.000000 -91.616000
67079.000000 -92.631000
67080.000000 -92.640000
67536.000000 -96.934000
67537.000000 -96.939000
67537.000000 -96.944000
67992.000000 -96.856000
67993.000000 -96.852000
68335.000000 -94.331000
68336.000000 -94.322000
68906.000000 -87.311000
68907.000000 -87.301000
69081.000000 -85.622000
69476.000000 -82.798000
69477.000000 -82.794000
69929.000000 -81.612000
69930.000000 -81.611000
70080.000000 -81.373000
70919.000000 -74.029000
70920.000000 -74.013000
71748.000000 -60.575000
72037.000000 -62.036000
72038.000000 -62.046000
73155.000000 -63.267000
73156.000000 -63.270000
74049.000000 -71.014000
74273.000000 -71.125000
74275.000000 -71.124000
75670.000000 -61.225000
75950.000000 -57.080000
75952.000000 -57.051000
76350.000000 -49.762000
77068.000000 -53.101000
77070.000000 -53.111000
78186.000000 -51.825000
78188.000000 -51.831000
79035.000000 -59.023000
79304.000000 -56.989000
79305.000000 -56.982000
79716.000000 -54.734000
79717.000000 -54.731000
80266.000000 -53.917000
80266.000000 -53.915000
80267.000000 -53.913000
80815.000000 -50.110000
80816.000000 -50.100000
81364.000000 -43.217000
81365.000000 -43.210000
81914.000000 -42.280000
81915.000000 -42.281000
82463.000000 -41.800000
82464.000000 -41.797000
83013.000000 -39.738000
83013.000000 -39.736000
83014.000000 -39.734000
83506.000000 -38.381000
83631.000000 -37.783000
83632.000000 -37.779000
84249.000000 -35.998000
84250.000000 -36.002000
84386.000000 -36.794000
84730.000000 -38.227000
84867.000000 -37.990000
84936.000000 -37.707000
85004.000000 -37.349000
85240.000000 -36.043000
85554.000000 -37.341000
86103.000000 -55.251000
86378.000000 -61.072000
86790.000000 -66.305000
87064.000000 -68.833000
87265.000000 -70.559000
87477.000000 -71.777000
87683.000000 -72.016000
88057.000000 -71.635000
88122.000000 -71.667000
88779.000000 -69.721000
89042.000000 -65.981000
89436.000000 -59.655000
89699.000000 -56.983000
89823.000000 -56.115000
90094.000000 -54.484000
90291.000000 -53.461000
90356.000000 -53.189000
90751.000000 -52.501000
91014.000000 -52.556000
91149.000000 -52.671000
91408.000000 -53.079000
91671.000000 -53.791000
92065.000000 -55.135000
92328.000000 -55.311000
92722.000000 -54.481000
92919.000000 -53.873000
92985.000000 -53.667000
93379.000000 -52.560000
93569.000000 -52.256000
93642.000000 -52.207000
94036.000000 -52.381000
94299.000000 -52.155000
94694.000000 -50.289000
94956.000000 -48.105000
95351.000000 -45.490000
95548.000000 -45.359000
95614.000000 -45.511000
95978.000000 -47.093000
96008.000000 -47.193000
96271.000000 -47.408000
96665.000000 -45.843000
96928.000000 -44.254000
97322.000000 -42.079000
97585.000000 -41.164000
97942.000000 -40.501000
97979.000000 -40.421000
98176.000000 -39.928000
98242.000000 -39.759000
98636.000000 -39.114000
98899.000000 -38.950000
99293.000000 -38.676000
99556.000000 -38.188000
99951.000000 -37.133000
100117.000000 -36.712000
100213.000000 -36.491000
100608.000000 -35.079000
100805.000000 -33.593000
100982.000000 -31.918000
102043.000000 -35.923000
102751.000000 -16.443000
103812.000000 -33.986000
104520.000000 -22.710000
105377.000000 -40.117000
105459.000000 -39.388000
105740.000000 -36.397000
106163.000000 -33.889000
106374.000000 -32.598000
106444.000000 -32.027000
106867.000000 -27.699000
107148.000000 -26.117000
107464.000000 -25.309000
107570.000000 -24.775000
107852.000000 -23.762000
108274.000000 -31.060000
108556.000000 -39.271000
108978.000000 -47.812000
109189.000000 -50.343000
109260.000000 -51.142000
109548.000000 -54.276000
109682.000000 -55.378000
109982.000000 -55.989000
110433.000000 -51.068000
110778.000000 -44.490000
111251.000000 -41.626000
111295.000000 -41.453000
111640.000000 -39.736000
112157.000000 -40.007000
112416.000000 -39.567000
112502.000000 -39.378000
112520.000000 -39.339000
113019.000000 -37.158000
113364.000000 -34.675000
113365.000000 -34.672000
113882.000000 -36.102000
114226.000000 -36.223000
114744.000000 -35.679000
115089.000000 -33.572000
115175.000000 -33.405000
115606.000000 -34.218000
115865.000000 -34.283000
115951.000000 -34.267000
116111.000000 -34.250000
116468.000000 -33.260000
116813.000000 -30.354000
117330.000000 -28.508000
117675.000000 -27.560000
118192.000000 -29.002000
118433.000000 -28.867000
118537.000000 -28.451000
119054.000000 -23.796000
119313.000000 -21.462000
119399.000000 -20.874000
119917.000000 -17.787000
120262.000000 -14.683000
120523.000000 -12.876000
120779.000000 -11.080000
121124.000000 -9.305000
121641.000000 -13.991000
121972.000000 -14.119000
121986.000000 -14.084000
122503.000000 -11.820000
122504.000000 -11.814000
122676.000000 -10.684000
122762.000000 -10.123000
122848.000000 -9.590000
123020.000000 -8.627000
123193.000000 -7.694000
123365.000000 -6.592000
123366.000000 -6.585000
123420.000000 -6.187000
123538.000000 -5.267000
123710.000000 -4.020000
123783.000000 -3.620000
123883.000000 -3.262000
124055.000000 -3.176000
124145.000000 -3.343000
124227.000000 -3.578000
124228.000000 -3.581000
124326.000000 -3.923000
124507.000000 -4.632000
124572.000000 -4.894000
124745.000000 -5.563000
124869.000000 -5.946000
125090.000000 -6.074000
125231.000000 -5.545000
125594.000000 -2.479000
125952.000000 -1.066000
125956.000000 -1.066000
126318.000000 -1.705000
126680.000000 -0.988000
127042.000000 2.997000
127405.000000 7.512000
127767.000000 10.036000
127948.000000 10.132000
128129.000000 9.194000
128491.000000 4.559000
128853.000000 2.023000
129216.000000 4.069000
129578.000000 2.006000
129940.000000 -3.717000
130121.000000 -5.693000
130262.000000 -7.074000
130302.000000 -7.506000
130664.000000 -13.337000
131027.000000 -17.581000
131091.000000 -17.700000
131249.000000 -17.581000
131389.000000 -17.347000
131407.000000 -17.327000
131565.000000 -17.382000
131724.000000 -18.076000
131882.000000 -19.670000
131883.000000 -19.684000
131906.000000 -20.011000
132040.000000 -22.506000
132113.000000 -24.367000
132198.000000 -27.063000
132629.000000 -46.609000
132672.000000 -48.322000
132909.000000 -54.914000
132988.000000 -56.271000
133058.000000 -57.273000
133463.000000 -62.167000
133488.000000 -62.485000
133779.000000 -66.349000
133917.000000 -68.196000
134132.000000 -70.889000
134253.000000 -72.231000
134346.000000 -73.162000
134570.000000 -75.045000
134776.000000 -76.296000
135044.000000 -76.871000
135205.000000 -76.452000
135635.000000 -74.205000
135835.000000 -74.008000
136092.000000 -74.488000
136104.000000 -74.519000
136807.000000 -76.249000
137027.000000 -76.748000
137523.000000 -77.270000
138238.000000 -78.401000
138344.000000 -77.279000
138954.000000 -68.960000
139311.000000 -73.074000
139661.000000 -71.485000
139669.000000 -71.370000
140385.000000 -66.300000
140510.000000 -70.037000
140760.000000 -79.120000
140885.000000 -83.506000
140978.000000 -86.402000
141260.000000 -92.638000
141323.000000 -93.547000
141385.000000 -94.307000
141502.000000 -95.454000
141589.000000 -96.119000
141831.000000 -97.361000
142553.000000 -94.874000
142723.000000 -94.460000
143275.000000 -93.965000
143543.000000 -94.217000
143997.000000 -94.113000
144259.000000 -93.620000
144286.000000 -93.498000
144719.000000 -88.856000
144975.000000 -85.711000
145441.000000 -85.756000
145730.000000 -86.961000
145793.000000 -87.152000
146164.000000 -87.667000
146609.000000 -87.533000
146886.000000 -88.064000
147102.000000 -88.447000
147175.000000 -88.538000
147319.000000 -88.683000
147464.000000 -88.834000
147608.000000 -89.029000
147609.000000 -89.030000
147627.000000 -89.058000
147752.000000 -89.259000
147897.000000 -89.460000
148135.000000 -89.490000
148186.000000 -89.440000
148330.000000 -89.260000
148475.000000 -89.143000
148619.000000 -89.185000
148845.000000 -89.477000
148908.000000 -89.573000
149052.000000 -89.794000
149053.000000 -89.796000
149197.000000 -90.040000
149341.000000 -90.343000
149413.000000 -90.522000
149630.000000 -91.141000
149775.000000 -91.556000
150160.000000 -92.437000
150497.000000 -93.724000
151066.000000 -96.686000
151219.000000 -97.307000
151769.000000 -98.190000
151921.000000 -97.148000
152463.000000 -90.271000
152625.000000 -89.229000
153004.000000 -88.432000
