0.000000 0.000000
100.172863 1.687843
322.455550 3.399151
470.644007 3.121970
692.926694 -1.355870
841.115152 0.642316
1063.397838 3.377697
1174.539181 4.718731
1211.586296 3.209869
1433.868982 -3.227095
1568.802819 -2.067552
1582.057440 -2.635219
1701.975779 1.593070
1767.293012 0.383941
1804.340127 3.943171
1835.148740 5.319831
1952.528584 2.646510
1968.321701 -0.187424
2063.669928 0.829269
2101.494661 1.647093
2234.667622 1.004849
2322.999729 0.418485
2367.840582 -1.018622
2471.188186 0.144440
2501.013543 2.132421
2634.186504 4.296839
2693.470873 6.752884
2767.359464 6.489991
2841.659331 6.344546
2900.532425 7.747449
3033.705386 5.222485
3063.942017 3.491192
3166.878347 -1.393703
3212.130475 -1.448927
3300.051308 -2.353093
3433.224267 0.141375
3434.413162 3.406165
3545.554505 3.794161
3566.397228 2.977418
3582.601619 0.118466
3699.570188 1.200444
3804.884306 0.326988
3832.743149 -0.953807
3953.072764 -0.729589
3965.916110 -0.398606
4099.089070 -0.698625
4175.355450 -1.167973
4232.262031 -1.518471
4323.543908 0.150918
4365.434992 -0.796903
4498.607952 -0.559462
4545.826595 -2.360646
4631.780913 -2.479677
4694.015052 0.672575
4764.953874 3.524330
4898.126834 2.722779
4916.297739 0.914409
5027.439082 0.913766
5031.299795 -1.176602
5064.486197 2.268061
5164.472756 -0.737572
5286.768883 3.332686
5370.245703 -0.571735
5434.957341 2.080148
5576.018651 -0.736850
5657.240027 -1.399130
5781.791599 -4.801574
5805.428485 -3.752388
5987.564546 -6.692735
6027.711172 -5.805415
6175.899629 -4.998798
6193.337494 -6.324859
6398.182316 -5.366382
6399.110442 -7.306522
6509.323659 -3.947854
6546.370774 -3.704479
6604.883389 -4.267148
6768.653460 -4.593257
6810.656337 -5.856874
6916.841918 -6.177478
7016.429285 -7.856363
7139.124605 -12.562047
7222.202232 -13.174691
7287.313062 -14.514395
7509.595749 -10.874305
7633.748127 -7.504270
7657.784207 -5.296061
7839.521075 -6.006227
7880.066893 -9.683868
7991.208236 -8.364126
8028.255351 -3.789802
8045.294023 -2.343023
8250.538037 -6.602864
8251.066970 -6.988546
8398.726495 -4.947392
8456.839918 -3.458872
8621.009182 -7.707398
8662.612866 -5.561162
8769.197639 -1.729754
8868.385813 -1.334248
8991.480326 -3.483573
9074.158761 -3.408214
9139.668784 -0.450533
9279.931709 -1.707586
9361.951470 -1.998342
9473.092814 -5.610700
9485.704656 -6.505300
9552.922849 -9.695443
9691.477603 -6.728303
9839.379916 -5.006188
9897.250552 -3.036357
10100.170490 -1.237432
10103.023500 0.270695
10248.482520 -2.446467
10393.941530 -5.299562
10491.356360 -13.079001
10539.400550 -18.396297
10684.859570 -19.530857
10752.146940 -19.898301
10830.318590 -16.324852
10975.777600 -16.091494
11121.236620 -10.640536
11143.332810 -14.216896
11266.695640 -12.649182
11404.123390 -19.420162
11412.154660 -11.396052
11557.613670 -11.312439
11703.072690 -5.309238
11795.309250 -12.962043
11848.531710 -15.871993
11990.902190 -19.959608
11993.990720 -14.594340
12056.099830 -15.711816
12139.449740 -16.569559
12284.908760 -20.877988
12430.367780 -20.409515
12447.285700 -15.806290
12575.826790 -7.251937
12708.076280 -10.688524
12721.285810 -11.967346
12866.744830 -17.820517
13012.203850 -14.720457
13099.262140 -11.961541
13157.662860 -13.959670
13303.121880 -11.604945
13360.052720 -18.505909
13448.580900 -18.344994
13594.039920 -19.927033
13739.498930 -23.684406
13751.238590 -25.379918
13884.957950 -24.942963
14030.416970 -20.692268
14403.215030 -20.672612
14598.807970 -34.345101
14681.493390 -34.173629
15055.191480 -39.126093
15332.569810 -29.969935
15381.179700 -42.248046
15983.646240 -54.223736
16634.722660 -69.531100
17285.799080 -73.567051
17936.875500 -76.918288
21261.723530 -91.226693
27547.151750 -99.149635
31098.763740 -105.084863
32191.722170 -99.115570
32554.125470 -100.070600
32915.521610 -100.323714
33275.883940 -102.352293
33635.181820 -103.454807
33993.389950 -101.515358
34350.481670 -102.354792
34706.431680 -103.280338
35061.214660 -105.002417
35414.805300 -105.173643
35767.179620 -100.115064
36048.833020 -99.717071
36118.314980 -94.835578
36309.623600 -94.035111
36374.821250 -93.863531
36468.190050 -95.327704
36663.863080 -95.814534
36700.809470 -93.906417
36810.711700 -95.459006
36957.000370 -94.455979
36961.600050 -93.532650
37102.720090 -86.224657
37247.862950 -83.349675
37352.785910 -81.007566
37392.420520 -82.426522
37536.385480 -85.967281
37679.750480 -85.111972
37822.508790 -81.610628
37964.653060 -81.558756
37981.560240 -81.123542
38106.176560 -87.426920
38247.073630 -82.960614
38387.337520 -82.713252
38526.963160 -80.350344
38665.944930 -83.314639
38804.277730 -82.923515
38924.721720 -81.801940
38941.956520 -79.322515
39078.976210 -81.063553
39215.332870 -78.044805
39351.022550 -83.304220
39486.041300 -81.190408
39620.385190 -86.168283
39702.660690 -84.666434
39754.051400 -85.870597
40019.338380 -87.068246
40150.954080 -82.825809
40412.118630 -81.754457
40541.664100 -83.175313
40670.515550 -84.719578
40798.673550 -86.283451
40869.569150 -81.835619
40926.135840 -80.969314
41052.902420 -81.708654
41178.972730 -82.700430
41304.347320 -81.332549
41429.025650 -81.181143
41647.508120 -82.231083
41676.297430 -86.066009
41798.892580 -86.257609
41841.992860 -87.029928
42042.008130 -86.664181
42162.531930 -87.002050
42282.369020 -87.161929
42401.522800 -90.126956
42519.994390 -90.176771
42637.787740 -89.473192
42754.906220 -83.423591
42814.416570 -77.938686
42871.352650 -76.660127
42987.130980 -77.177574
43102.246270 -78.514550
43216.701340 -74.864555
43330.501820 -72.234738
43443.652230 -70.200763
43556.157620 -72.912642
43592.355550 -72.325306
43668.023640 -70.228822
43779.255920 -67.159852
43889.860090 -70.714107
43999.842910 -77.942930
44109.210570 -83.772276
44217.969840 -88.703034
44326.128050 -88.579676
44433.691940 -85.830541
44540.669970 -81.095278
44647.068900 -81.577490
44752.898310 -80.921389
44759.264000 -82.652313
44858.164960 -81.925594
44962.878420 -82.255297
45067.047700 -82.497224
45170.681830 -80.849545
45273.790370 -80.180374
45376.383460 -80.242053
45478.470130 -83.810356
45524.552110 -83.196759
45580.061630 -80.149361
45681.168100 -72.712801
45781.800820 -76.427771
45881.969920 -78.240176
45981.687800 -85.024098
46080.966280 -83.663247
46179.816070 -84.280198
46278.250680 -82.641301
46376.281960 -79.249704
46473.922850 -74.251409
46571.185740 -75.170897
46668.085290 -75.239772
46672.484270 -81.891451
46764.633890 -81.772419
46860.845620 -83.161529
46956.735130 -79.816665
47018.399580 -76.723656
47052.315930 -77.183892
47147.603800 -77.662907
47242.612830 -77.942073
47337.358220 -76.371409
47431.855740 -72.503150
47526.121180 -73.108096
47537.272550 -72.193736
47620.170860 -76.196794
47714.019990 -73.618990
47807.686050 -77.142001
47883.187860 -76.342018
47901.185920 -75.934701
47994.536510 -70.123994
48087.754720 -68.726473
48180.858580 -73.370169
48273.866660 -79.979725
48366.795890 -83.022656
48402.060830 -84.511048
48459.665960 -86.311648
48552.494910 -85.195406
48645.301890 -85.473799
48738.106060 -83.713502
48747.976140 -87.911059
48830.927120 -91.697840
48923.784800 -91.965932
49039.216410 -89.919934
49214.868760 -83.878428
49266.849110 -82.396719
49390.706250 -79.501682
49566.768260 -80.347746
49612.764420 -79.015612
49743.094160 -79.158485
49919.724380 -76.745217
50096.701490 -76.716041
50131.637390 -74.086224
50274.065920 -74.882079
50451.859170 -76.774649
50477.552700 -78.230685
50630.125930 -77.369328
50808.906640 -74.743389
50988.247050 -75.424255
50996.425670 -74.801111
51168.189720 -75.929388
51342.340980 -71.062960
51348.781470 -70.334028
51428.819810 -66.396758
51712.086740 -69.756615
51861.213950 -69.639734
51894.893880 -71.808708
52078.532070 -72.893230
52165.928770 -71.252533
52263.049170 -70.682237
52448.493090 -70.273689
52623.001000 -69.136363
52634.910620 -66.292970
52822.351790 -68.323685
52920.459590 -68.059363
53010.866610 -66.975956
53200.502950 -65.052722
53366.647470 -62.437185
53391.311900 -55.746283
53583.344530 -55.104713
53664.106060 -50.012409
53776.651910 -54.756556
53971.286190 -55.409036
54110.293940 -65.668894
54167.299510 -70.208483
54364.745060 -68.335479
54407.752530 -70.582496
54482.117170 -71.259502
54563.676050 -71.707811
54764.145690 -71.607773
54853.940410 -68.878248
54966.208240 -73.677870
55151.399000 -70.885682
55169.921160 -72.140917
55375.336590 -66.148760
55582.511990 -70.441462
55671.951530 -76.582094
55791.504830 -76.970542
55820.680820 -71.130825
56002.370420 -69.665688
56215.167310 -67.884816
56266.868700 -72.152728
56429.951870 -73.252903
56646.784770 -75.426321
56861.785880 -71.177010
56865.724530 -76.430529
57086.829660 -80.627980
57310.160830 -80.268471
57456.703050 -71.037693
57535.778690 -64.313334
57763.743880 -61.667351
57994.118130 -59.493829
58051.620230 -64.022492
58226.965280 -62.303123
58462.344910 -61.332602
58621.005030 -58.373237
58700.323000 -57.682482
58940.961260 -59.237230
59055.384020 -63.251649
59184.323540 -66.250166
59430.476870 -67.990041
59489.763010 -68.104302
59679.485100 -68.391008
59924.142010 -67.764392
59931.413140 -62.635487
60186.329090 -57.657049
60444.297850 -57.430861
60467.115750 -62.963080
60705.387530 -67.837957
60792.899990 -69.983289
60901.494740 -70.799646
60969.665160 -69.938758
61227.278990 -72.109818
61237.200980 -71.662537
61508.062000 -69.938448
61661.657980 -74.423642
61782.317420 -71.442707
62060.038500 -72.145270
62158.831280 -84.723534
62341.293360 -94.404037
62511.294670 -89.698000
62671.638080 -86.884157
62681.295970 -87.032677
62851.297270 -85.993489
63021.298580 -93.548497
63191.299870 -98.970593
63312.646590 -95.939401
63361.301170 -96.546878
63531.302480 -96.250220
63701.303780 -95.042515
63825.453390 -95.794582
63871.305090 -98.854031
64041.306390 -96.401293
64211.307690 -95.618569
64338.260200 -97.283523
64381.309000 -99.114826
64551.310290 -98.888695
64721.311590 -98.171820
64851.067000 -101.398786
64891.312900 -102.526606
65061.314200 -99.581527
65231.315510 -93.843872
65363.873810 -95.252480
65401.316810 -99.114819
65571.318110 -97.246061
65741.319420 -97.068922
65876.680610 -97.673253
65911.320710 -100.044099
66081.322020 -99.189547
66251.323320 -97.532067
66389.487410 -92.448731
66421.324620 -91.442856
66591.325930 -87.539759
66761.327230 -89.281688
66902.294220 -88.295479
66931.328530 -89.791198
67101.329840 -89.034079
67271.331130 -91.648800
67415.101020 -88.612178
67441.332440 -85.864260
67611.333740 -83.497363
67781.335040 -86.026659
67927.907830 -92.010562
68440.714630 -97.686821
68953.521430 -95.014762
69338.126540 -89.843149
69979.135040 -88.798891
70175.491510 -82.439228
70619.063280 -79.032016
71127.465960 -81.143826
71296.933520 -77.492148
71805.336200 -64.715606
72308.387830 -61.238253
72483.206440 -59.350985
73161.076680 -64.646505
73703.414920 -67.345250
73838.946910 -69.767769
74686.284710 -63.858262
74855.752270 -48.896396
75098.442010 -49.702210
75533.622510 -46.493354
76211.492750 -55.973280
76725.973620 -55.614207
76889.362990 -57.741382
77397.765670 -52.185982
78075.635910 -53.989295
78753.506140 -42.938566
79431.376380 -43.670110
80109.246620 -39.084643
80787.116860 -44.836529
81464.987100 -37.218633
82073.577470 -36.450464
82227.591120 -32.220227
82990.195140 -32.708060
83159.662700 -38.066526
83583.331600 -43.552883
83752.799160 -42.895454
83837.532940 -36.650782
83922.266720 -30.426592
84212.619010 -28.760519
84600.136950 -39.198645
85278.007190 -48.812248
85616.942310 -62.586304
86125.344990 -60.042727
86464.280110 -67.118142
86711.512610 -68.858744
86972.682790 -74.370201
87226.884130 -68.974249
87689.402950 -68.481078
87769.314180 -71.386327
88491.520690 -71.367514
88780.403290 -66.243411
89213.727190 -56.336284
89502.609790 -56.184145
89638.825550 -54.850228
89935.933690 -55.748885
90152.595650 -50.827643
90224.816300 -50.155904
90658.140200 -49.688822
90947.022800 -51.053224
91095.631220 -50.929703
91380.346700 -51.599099
91669.229300 -54.047933
92102.553210 -52.351869
92391.435810 -55.607482
92824.759710 -54.448782
93041.421660 -52.519362
93113.642310 -52.226567
93546.966210 -49.625878
93755.699690 -50.432566
93835.848810 -50.258572
94269.172720 -50.039525
94558.055320 -52.833956
94991.379220 -47.527829
95280.261820 -49.547362
95713.585720 -44.336609
95930.247680 -41.490859
96002.468330 -41.611212
96403.318930 -46.179673
96435.792230 -47.720900
96724.674830 -47.768620
97157.998730 -41.289617
97446.881330 -45.472473
97880.205240 -37.608681
98169.087840 -40.029026
98561.502610 -40.055471
98602.411740 -42.309381
98819.073690 -38.014198
98891.294340 -36.341763
99324.618240 -34.886275
99613.500840 -39.455812
100046.824700 -35.423822
100335.707300 -39.311368
100769.031200 -35.438121
100952.215400 -35.213389
101057.913900 -33.645736
101491.237800 -36.683318
101707.899700 -31.695532
101780.120400 -31.591936
102213.444300 -21.887223
102502.326900 -28.266383
102935.650800 -20.800620
103224.533400 -33.717209
103574.616900 -35.833405
103657.857300 -36.425696
103946.739900 -35.350120
104380.063800 -31.252515
104596.725700 -33.157932
104668.946400 -28.305182
105102.270300 -21.969435
105391.152900 -26.552984
105715.548600 -25.914003
105824.476800 -22.492681
106113.359400 -21.802620
106546.683300 -23.390074
106835.565900 -41.712464
107268.889800 -42.508678
107485.551700 -46.745938
107557.772400 -46.255320
107853.183900 -56.804031
107991.096300 -56.156662
108327.983000 -59.319287
108833.313100 -45.787436
109220.092900 -43.141974
109751.154400 -40.008513
109800.262700 -38.982878
110187.042500 -43.054682
110767.212300 -36.176822
111057.297200 -37.104495
111153.992100 -35.032914
111173.625400 -39.212573
111734.161900 -38.744989
112120.941700 -33.185823
112121.571900 -32.824953
112701.111500 -32.393269
113087.891300 -39.193367
113668.061100 -29.917582
114054.840900 -32.933673
114151.535900 -31.226267
114635.010700 -36.452991
114925.095600 -30.975585
115021.790500 -31.253758
115201.071800 -32.118379
115601.960300 -33.439479
115988.740200 -29.780078
116568.909900 -25.133332
116955.689800 -26.336005
117535.859500 -30.633529
117806.105200 -27.432372
117922.639400 -28.878712
118502.809100 -19.460083
118792.894000 -20.412420
118889.589000 -17.674128
119469.758700 -15.434252
119856.538600 -13.730671
120149.607000 -12.099667
120436.708300 -7.322426
120823.488200 -11.537452
121403.657900 -9.057166
121774.532000 -13.776172
121790.437800 -11.318759
122370.607500 -14.963531
122563.997500 -10.023331
122660.692400 -6.049583
122757.387400 -6.822993
122950.777300 -4.008712
123144.167200 -3.416442
123337.557100 -8.739455
123399.457100 -9.026121
123530.947100 -2.122769
123724.337000 3.534231
123805.688300 2.014793
123917.726900 2.795005
124111.116800 0.207338
124211.919600 1.162407
124304.506700 -2.026731
124415.035200 -7.603096
124618.150900 -2.299140
124691.286600 -3.787849
124884.676500 -2.927183
125024.382100 -6.546030
125271.456300 -6.903321
125430.613400 -3.830988
125836.844700 -1.937282
126238.405900 1.712052
126243.075900 0.357052
126649.307200 1.247333
127055.538500 0.156000
127461.769700 4.156667
127868.001000 7.926667
128274.232300 12.034333
128477.347900 13.322667
128680.463500 10.893000
129086.694800 4.450333
129492.926100 2.673333
129899.157300 6.628667
130305.388600 5.636000
130711.619800 -0.859667
130914.735500 -5.749176
131073.154000 -4.519843
131117.851100 -5.138176
131524.082400 -8.900000
131930.313600 -22.313249
132002.501000 -16.092513
132179.843700 -16.830180
132336.544900 -11.379114
132357.186400 -18.265398
132534.529100 -18.303203
132711.871800 -3.382858
132889.214500 -9.573859
132916.875300 -21.949256
133066.557200 -18.740707
133149.007400 -28.174173
133243.899900 -35.504465
133727.162300 -46.672834
133775.928000 -53.101947
134041.942100 -63.788106
134130.613400 -57.910737
134208.786700 -59.271464
134662.641600 -53.627972
134690.411100 -64.158732
135017.327000 -58.536427
135172.035500 -66.723760
135412.847700 -67.801603
135549.355100 -73.314269
135653.659800 -73.509617
135904.040500 -73.646681
136135.284200 -76.744622
136436.068600 -76.261607
136616.908600 -75.292941
137098.533000 -71.188752
137322.782100 -69.647296
137580.157300 -72.708919
137588.796200 -73.966168
138061.781700 -77.128883
138209.495600 -74.906272
138543.406100 -76.833063
139025.030500 -77.836280
139096.209100 -68.086078
139506.654800 -74.020388
139747.467000 -74.457004
139982.922600 -75.601561
139988.279200 -63.616963
140469.903600 -47.436063
140554.103700 -62.567271
140722.503800 -68.630382
140806.703900 -86.908168
140869.636200 -86.069760
141059.304000 -92.301230
141101.404100 -94.163635
141143.504100 -94.747667
141311.904200 -95.386071
141438.204300 -96.987292
141788.768800 -96.250644
142836.249400 -95.389494
143083.403500 -91.521887
143883.730100 -93.853774
144272.321800 -90.841827
144931.210800 -93.711885
145311.787400 -93.023743
145350.203100 -93.087954
145978.691500 -86.971309
146350.285900 -82.544523
147026.172100 -83.657400
147445.164400 -85.085106
147535.714200 -86.864348
148073.652800 -84.958788
148719.361200 -85.388276
149121.133500 -85.903109
149435.377700 -87.759858
149540.125700 -88.432453
149749.621900 -85.962489
149959.118000 -86.591272
150168.614200 -86.155689
150195.966000 -85.714182
150378.110300 -88.415130
150587.606400 -88.093679
150932.876100 -92.364331
151006.598700 -88.978849
151216.094800 -85.734040
151425.591000 -83.978329
151635.087100 -87.817704
151962.809600 -90.672640
152054.079400 -88.569547
152263.575500 -86.021319
152473.071600 -89.696887
152682.567800 -89.468414
152787.315800 -89.313008
153101.560000 -89.788961
153311.056200 -90.467538
153869.559200 -92.194655
154358.536800 -91.801654
155184.510800 -94.747172
155406.017500 -96.601463
156204.068700 -97.843455
156424.943500 -93.739446
157210.347300 -90.287759
157445.968500 -86.654188
157995.751200 -86.989938
158316.130700 -83.963853
158781.155100 -78.788114
159030.650300 -79.859859
159566.559000 -84.277240
159743.813000 -91.590257
160351.962900 -92.239243
160587.584000 -91.372521
161137.366700 -84.911568
161874.764600 -83.014797
161922.770600 -77.803528
162708.174500 -81.588227
162758.721600 -83.031353
163493.578400 -82.856603
163640.270300 -85.351516
163729.199600 -84.098263
164278.982300 -87.082921
165064.386200 -78.759164
165395.927500 -79.503717
165849.790000 -82.287104
166635.193900 -85.709843
166870.815100 -83.286854
167420.597800 -73.190792
167489.147500 -71.262647
168206.001700 -65.450576
168876.123800 -67.265706
168991.405600 -65.477119
169776.809400 -68.395333
170012.430600 -66.738671
170428.152500 -64.234470
170562.213300 -59.262773
171347.617200 -54.091788
171457.869100 -51.372304
172133.021100 -49.852568
172918.425000 -53.232504
172994.918300 -52.287006
173154.046100 -53.796992
173703.828900 -56.917074
174489.232700 -62.141769
174522.891700 -65.571652
175274.636600 -63.528637
176041.780500 -64.008971
176060.040500 -62.777957
176295.661700 -63.405956
176845.444400 -52.556109
177049.346900 -52.485128
177630.848300 -55.084034
178416.252100 -68.105833
179201.656000 -67.592655
179437.277200 -64.199769
179550.920300 -62.737610
179987.059900 -69.552184
180709.997300 -77.599666
180772.463800 -84.112160
181040.209700 -84.209947
181557.867700 -81.882976
182524.592900 -76.875651
182829.807200 -73.366466
183541.973900 -72.678946
184559.354900 -72.401119
185576.735900 -71.893599
185678.474000 -70.577973
186390.640700 -71.895964
186492.378800 -71.158893
187204.545500 -65.782786
187924.881000 -62.816233
188221.926400 -59.932694
189239.307400 -65.222739
190362.726300 -59.892164
190561.902700 -59.712214
191274.069400 -58.156162
192291.450400 -64.012325
193308.831400 -62.185217
194174.271700 -61.757344
194326.212400 -54.973421
194631.426700 -53.162837
195343.593400 -40.632415
195899.371400 -36.508821
196360.974400 -28.113891
197378.355400 -41.971543
197549.202600 -36.333905
198395.736400 -21.989834
198590.371500 -29.088854
198748.103000 -25.644688
198981.869100 -13.555441
199541.151300 -13.902891
199772.749600 -7.055213
200100.433600 -6.545970
200659.715900 -9.368173
200827.500600 -1.494460
200964.957200 -3.183047
201218.998100 -7.945801
201778.280400 -11.387326
202337.562700 -25.065160
202493.190800 -24.168278
202896.845000 -23.878966
203064.629600 -15.202873
203170.897100 -21.369935
203456.127200 -40.962368
204225.178400 -40.163271
205106.281600 -36.848496
205199.246300 -35.599359
205987.384700 -25.664338
206042.580800 -35.387674
206251.715700 -34.240168
206868.487900 -46.986861
207558.438500 -40.625337
207749.591000 -40.012383
208630.694200 -41.152551
209408.408500 -40.180458
209511.797300 -40.026935
209776.128300 -32.554207
210392.900500 -32.110544
211274.003700 -38.291096
211928.718900 -36.967400
212155.106800 -34.524412
213036.210000 -30.750124
213300.540900 -29.566374
213917.313100 -34.370353
213945.249900 -27.493328
214798.416300 -29.863335
215290.786700 -27.030024
215679.519400 -34.186828
216300.961000 -34.675420
216560.622600 -38.338937
216824.953600 -34.639830
217441.725800 -40.377872
218324.992600 -49.508892
218363.231400 -61.613274
219303.508300 -69.915807
219773.646800 -63.468448
219847.148800 -64.207927
220431.840600 -63.585420
220525.868300 -70.927777
221184.062200 -66.029132
221883.691000 -64.649559
222124.339100 -62.640125
223064.616100 -66.012692
223758.913000 -68.754017
224004.893000 -74.243362
224286.976100 -75.998548
224945.169900 -76.687351
225128.519000 -72.121249
225885.446900 -69.578694
226825.723800 -64.200435
227193.274900 -60.795230
227766.000700 -63.680795
228048.083800 -57.037073
228577.305000 -60.250654
228706.277700 -60.250654
229646.554600 -63.329487
230586.831500 -61.973642
230840.432100 -57.590629
231527.108500 -62.769384
231540.486200 -62.139697
231809.191500 -61.357555
232467.385400 -50.027691
233442.234800 -45.861999
233828.461300 -40.848439
234417.656400 -39.440366
235393.078000 -37.064871
235424.411700 -39.423385
235685.704500 -34.210393
236368.499600 -33.205907
236494.023300 -28.147850
237343.921200 -29.423546
237927.403400 -30.139939
238319.342800 -21.825925
239188.510600 -18.179906
239294.764500 -17.274504
239587.390900 -17.115855
240270.186100 -7.469304
241245.607700 -9.040156
241365.688700 -5.356412
242221.029300 -7.023526
242828.003700 -23.062146
243196.450900 -20.908164
243489.077400 -25.433191
244171.872500 -37.458373
244852.987300 -45.479709
245138.329100 -51.607896
245593.448500 -54.805341
245877.138300 -60.139836
246615.947500 -51.304556
246837.590300 -63.783577
247080.928900 -64.504319
247354.756800 -75.509603
248093.566000 -77.325633
248832.375200 -83.492583
249140.338300 -81.658259
249571.184400 -82.414983
249792.827200 -73.407698
250270.444900 -73.872332
250309.993700 -75.731255
251048.802900 -82.717851
251787.612100 -88.351182
252544.726700 -86.376192
252918.344000 -85.510623
253262.770300 -81.477668
254066.431500 -83.310896
255214.518900 -82.617078
256362.606400 -85.268922
257395.885000 -83.797407
257510.693800 -83.336487
257969.928800 -76.951344
258307.720600 -79.105885
258314.355000 -78.173824
259118.016200 -76.780293
260251.140200 -72.306241
260266.103600 -69.571692
261414.191100 -73.345195
262008.776200 -74.909309
262562.278500 -80.738898
262906.704700 -81.320719
263710.365900 -80.637092
264858.453400 -78.163678
266006.540800 -83.666326
266137.691800 -85.954162
267154.628200 -92.003500
267499.054500 -93.489757
267917.406400 -96.336214
268242.229500 -96.212724
269126.420500 -95.761851
270010.611500 -98.769324
270099.325200 -99.704365
270894.802400 -102.460342
271160.059700 -98.817178
271690.006000 -99.599060
271778.993400 -98.453975
272663.184400 -101.325151
273547.375300 -99.781592
274431.566300 -97.789997
274479.462200 -98.614357
274696.823600 -97.982443
275315.757300 -98.251313
276075.643300 -94.960487
276199.948300 -92.228395
277084.139200 -86.731181
277472.991800 -84.459432
277968.330200 -85.555455
278233.587500 -84.855393
278852.521200 -81.561641
279736.712100 -78.171585
279868.629100 -79.108843
280620.903100 -79.372288
281464.906400 -77.599479
281505.094100 -77.182748
281770.351400 -74.190394
282359.668900 -69.395371
283081.006300 -63.008014
283802.343600 -60.460868
284523.681000 -60.984147
284740.082200 -59.522567
285245.018400 -55.729273
285447.906900 -51.657200
285966.355700 -46.799106
286687.693100 -46.176069
287036.279800 -46.613861
287409.030400 -44.253429
287625.431700 -45.616505
288130.367800 -37.594181
288851.705200 -38.940338
289016.394500 -37.136618
289573.042500 -33.537348
290294.379900 -38.341815
290398.318800 -41.892816
290510.781100 -38.206007
291015.717200 -26.539766
291579.717800 -32.607678
291737.054600 -32.648642
292458.392000 -45.671215
292530.525700 -50.525780
292891.194400 -53.725696
292954.026100 -56.258974
293102.947900 -54.940085
293172.241400 -61.266386
293588.002600 -54.165581
293865.176700 -54.998835
294280.937800 -55.588374
294973.873100 -58.064322
295493.578300 -61.407359
295666.808300 -62.508841
295874.688900 -62.121593
296359.743500 -64.878363
296853.443200 -64.484794
297052.678800 -65.167463
297745.614000 -63.797633
298438.549200 -67.806679
298646.429800 -65.629443
299131.484500 -64.599052
299747.426700 -57.782712
299824.419700 -57.214335
300517.354900 -55.511526
301210.290200 -55.556624
301418.170700 -59.872026
301469.540700 -59.818068
301903.225400 -59.305832
302596.160600 -57.492598
302990.610300 -55.501129
303289.095900 -53.347879
303982.031100 -47.713689
304189.911700 -46.659435
304674.966300 -50.523431
305254.025800 -50.785647
305367.901600 -50.659620
306060.836800 -50.404240
306753.772000 -48.628037
306961.652600 -52.688506
307441.863700 -48.547572
308125.517700 -51.686024
308235.679600 -47.612690
308809.171700 -46.123890
309492.825600 -46.096402
309697.921800 -48.655735
309710.091700 -49.385446
310176.479600 -45.950818
310860.133600 -41.178964
311355.113200 -39.643836
311543.787600 -39.728743
312227.441600 -41.619424
312432.537800 -41.839287
312911.095600 -40.777555
312985.210500 -36.982997
313594.749600 -35.782915
314278.403600 -32.970151
314599.970000 -32.379289
314962.057600 -35.837560
315167.153800 -38.305783
315645.711600 -39.260957
316329.365600 -32.559579
316728.461600 -33.099575
317013.019600 -32.642692
317606.904600 -34.915598
317696.673600 -37.591072
317901.769800 -46.408935
318131.550900 -51.937891
318380.327600 -50.765064
319026.739600 -44.372368
319638.362900 -48.902130
319699.525200 -59.344493
319867.137100 -63.039731
320188.823900 -52.641597
320372.310900 -38.071448
321228.583600 -31.232895
321840.206900 -31.198675
322451.830200 -32.017871
322635.317200 -30.725025
323063.453500 -30.582958
323675.076900 -35.292603
324115.263900 -34.227452
324286.700200 -31.686509
324898.323500 -27.605418
325081.810500 -27.331058
325509.946900 -25.948709
325612.216200 -22.678954
326121.570200 -22.494035
326733.193500 -20.946178
327344.816900 -15.473396
327528.303900 -12.877953
327956.440200 -12.173943
328392.229400 -10.942070
328568.063500 -6.488222
329179.686800 -5.920473
329791.310200 -8.458545
329974.797200 -13.968057
330316.772500 -9.951342
330402.933500 -9.898904
331014.556800 -9.275188
331582.274300 -10.394625
331626.180200 -13.262750
332237.803500 -11.202729
332421.290500 -9.750994
332849.426800 -10.834649
333299.301400 -10.417756
333461.050200 -10.501400
334072.673500 -13.604054
334684.216200 -17.537377
334684.296800 -13.535931
334867.783800 -12.535941
335295.920100 -13.461132
335907.543500 -7.735631
336352.403000 -15.518540
336519.166800 -28.754833
337130.790100 -34.209742
337314.277100 -48.627797
337415.285600 -50.756921
337756.948600 -76.619372
338485.391100 -77.046915
338500.178800 -81.362084
339213.833500 -84.722009
339725.960200 -85.585806
339942.276000 -87.145255
340160.808700 -86.915331
340670.718400 -89.220222
341399.160900 -95.280873
341834.783600 -96.414434
342127.603400 -103.256004
342428.812800 -105.486651
342576.726200 -106.641013
342856.045800 -104.583701
343074.578600 -102.712039
343584.488300 -107.618979
343605.558100 -106.279623
344312.930700 -108.891869
345041.373200 -105.072442
345055.323200 -106.965544
345405.594400 -104.808157
345769.815600 -106.252029
346061.192600 -104.137571
346481.697700 -100.991126
346789.635100 -98.705784
347518.077500 -93.001570
348023.979200 -87.998130
348215.586100 -83.479547
348439.799600 -85.842857
348903.253600 -88.044345
349265.371200 -83.609144
349590.921100 -80.974115
350278.588600 -75.684744
350892.711100 -76.358942
350966.256100 -77.615330
351653.923500 -82.662856
352093.149100 -81.318461
352341.591000 -80.981183
353029.258500 -80.725090
353538.415300 -81.830485
353716.926000 -81.616957
354317.265700 -83.481339
354404.593500 -85.500143
355092.261000 -82.790890
355779.928400 -90.917796
356111.602000 -93.655403
356467.595900 -97.591243
356872.134400 -92.943802
357149.704000 -90.352845
357816.021900 -88.573671
358482.339800 -88.938935
358632.320600 -86.577867
359148.657600 -85.481273
359507.683200 -86.563922
359814.975500 -82.633850
360481.293300 -78.616951
361132.838900 -76.925322
361147.611200 -77.402665
361813.929000 -75.440942
362011.794700 -75.876546
362480.246900 -74.385752
363146.564700 -71.162545
363662.797000 -68.911259
363812.882600 -68.187397
364479.200500 -66.234173
364567.971800 -65.818723
365145.518300 -66.012003
365756.382300 -70.519443
365811.836200 -68.720353
366478.154000 -67.085663
366981.640300 -65.435766
367144.471900 -65.718594
367810.789700 -68.383511
368255.199700 -67.639331
368477.107600 -64.829128
369143.425500 -60.982739
369590.356100 -59.651587
369809.743300 -58.415275
370476.061200 -57.624779
371009.115500 -51.806159
371164.915700 -48.341442
371808.696900 -47.101567
372475.014700 -52.042858
373341.228000 -58.401233
373394.910300 -62.415294
373807.650500 -70.658875
373944.845100 -63.849771
374074.177600 -63.906266
374207.441200 -53.324278
374473.968300 -49.919160
374613.225100 -52.176993
374752.482000 -53.158305
374891.738800 -55.200185
375030.995600 -50.203017
375170.252500 -55.166710
375331.009500 -62.572982
375491.766600 -61.398468
375652.523600 -59.896677
375813.280600 -58.647316
375891.926000 -55.819145
375974.037700 -59.551909
376134.794700 -60.510394
376215.173300 -62.439942
376295.551800 -56.846990
376456.308800 -55.803807
376617.065900 -49.989220
376777.822900 -57.368480
376938.580000 -62.405613
377099.337000 -57.352657
377260.094100 -55.766177
377420.851100 -53.382145
377581.608100 -56.876601
377594.420300 -60.032554
377742.365200 -57.800379
377903.122200 -58.676803
378063.879300 -54.580955
378224.636300 -52.787909
378385.393400 -51.958559
378546.150400 -52.765970
378706.907500 -51.085354
378867.664500 -51.288942
379028.421600 -48.295026
379189.178600 -50.163742
379349.935600 -48.486407
379430.314200 -44.846634
379510.692700 -44.942332
379671.449700 -47.864020
379832.206800 -50.200935
379992.963800 -52.604694
380153.720900 -50.869183
380314.477900 -47.228141
380475.235000 -48.654677
380635.992000 -47.131429
380694.241800 -49.166302
380796.749100 -52.047427
380957.506100 -52.238417
381118.263100 -46.674276
381279.020200 -45.987040
381439.777200 -41.387157
381600.534300 -45.038760
381761.291300 -46.164206
381922.048400 -39.890487
382082.805400 -37.228980
382243.562500 -36.691456
382404.319500 -41.975184
382565.076600 -42.621090
382725.833600 -37.453500
382886.590600 -41.674791
383023.999400 -39.184478
383047.347700 -37.819895
383208.104700 -38.627806
383368.861800 -40.699197
383529.618800 -34.832270
383690.375900 -35.839625
383851.132900 -36.461778
384011.890000 -40.621033
384172.647000 -40.139853
384333.404100 -36.215763
384494.161100 -37.465640
384654.918100 -36.250353
384815.675200 -39.244849
384976.432200 -40.077871
385137.189300 -36.327475
385297.946300 -38.415839
385458.703400 -41.612977
385619.460400 -46.017061
385780.217500 -49.279112
385860.596000 -47.530588
385940.974500 -46.168084
386101.731600 -45.628051
386262.488600 -45.822336
386423.245700 -45.509103
386584.002700 -45.973367
386744.759700 -42.541990
386895.112600 -43.821897
386905.516800 -42.611444
387066.273800 -43.663670
387227.030900 -43.308864
387387.787900 -42.901777
387548.545000 -40.847173
387709.302000 -38.018027
387870.059100 -36.780720
388030.816100 -39.237800
388191.573200 -40.320626
388352.330200 -35.974230
388513.087200 -35.898127
388673.844300 -32.595640
388834.601300 -34.020289
388995.358400 -32.630257
389075.736900 -31.624335
389156.115400 -32.077850
389316.872500 -33.996397
389477.629500 -24.390618
389638.386600 -24.209954
389799.143600 -30.465915
389959.900700 -25.798331
390120.657700 -27.255722
390281.414700 -25.750164
390442.171800 -31.520130
390602.928800 -34.106301
390763.685900 -36.558113
390766.215700 -41.700749
390924.442900 -36.606830
391085.200000 -31.011012
391245.957000 -35.191799
391406.714100 -47.588262
391567.471100 -51.143304
391728.228200 -51.281909
391888.985200 -44.960562
392049.742200 -40.145282
392210.499300 -44.994240
392290.877800 -41.761616
392371.256300 -44.395744
392532.013400 -40.902613
392692.770400 -41.071469
392853.527500 -42.683889
393014.284500 -46.314383
393175.041600 -43.424386
393335.798600 -41.491063
393496.555700 -38.941097
393657.312700 -40.705478
393818.069700 -40.960057
393978.826800 -40.325901
394139.583800 -39.695398
394300.340900 -40.447053
394461.097900 -42.377628
394621.855000 -38.692546
394637.318800 -40.497392
394782.612000 -37.897640
394943.369100 -40.862739
395104.126100 -39.714756
395264.883200 -39.821457
395425.640200 -33.348939
395506.018700 -33.865017
395586.397200 -35.504983
395747.154300 -37.468940
395907.911300 -35.328095
396068.668400 -36.045801
396229.425400 -36.554923
396390.182500 -33.544750
396550.939500 -34.601876
396711.696600 -33.144478
396872.453600 -34.520561
397033.210700 -31.381876
397193.967700 -30.156919
397354.724700 -28.870064
397515.481800 -31.602822
397676.238800 -30.662971
397836.995900 -31.021505
397997.752900 -28.276988
398319.267000 -31.407611
398480.024100 -30.926519
398508.432000 -30.322912
398640.781100 -29.004291
398721.159600 -28.731440
398801.538200 -29.964101
399123.052200 -32.090567
399283.809300 -32.102133
399444.566300 -32.062055
399605.323400 -26.866308
399926.837500 -29.609678
400087.594500 -29.776400
400207.133500 -32.604356
400326.672600 -31.515726
400565.750600 -27.554094
400685.289700 -25.831186
400778.815000 -21.614644
400872.340300 -25.323504
401059.391000 -23.713098
401152.916300 -23.720510
401246.441600 -21.233435
401293.204300 -20.589853
401339.967000 -17.623693
401527.017600 -17.312706
401620.543000 -17.785796
401714.068300 -23.713785
401807.593600 -22.039127
401994.644300 -19.939288
402088.169600 -16.343745
402181.695000 -13.338948
402185.977500 -14.612731
402275.220300 -13.340436
402462.271000 -15.830381
402555.796300 -14.770927
402602.558900 -14.458699
402649.321600 -16.294381
402742.847000 -12.476517
402929.897600 -14.396928
403023.423000 -11.702961
403163.710900 -11.789363
403397.524300 -8.929510
403491.049600 -7.075665
403678.100300 -6.500111
403865.150900 -5.539584
403958.676300 -7.726218
404145.726900 -8.291792
404332.777600 -9.094642
404426.302900 -6.070735
404519.828300 -4.409384
404613.353600 -1.230520
404800.404300 -0.391968
404893.929600 -1.769279
405034.217600 -2.540419
405080.980300 -2.325158
405268.030900 -4.902179
405361.556300 -7.524535
405455.081600 -7.404771
405548.606900 -4.519667
405735.657600 -7.201364
405829.182900 -9.107708
405863.533000 -11.922558
406016.233600 -7.280366
406203.284200 -8.628105
406296.809600 -6.112660
406483.860200 -5.991665
406670.910900 -1.656390
406764.436200 -1.931967
406904.724200 -0.254687
407090.961600 -1.730167
407254.224300 1.172793
407417.487000 -1.745150
407580.749700 -3.336756
407795.432800 -7.590012
408010.115800 -7.124513
408224.798900 -8.722476
408439.481900 -6.021027
408654.165000 -8.933817
408868.848000 -11.746617
409083.531100 -10.796783
409298.214100 -12.883624
409512.897200 -12.289403
409727.580200 -10.208523
409942.263300 -13.615442
410037.035400 -12.490711
410156.946300 -12.922864
410371.629400 -7.515856
410586.312400 -9.000864
410800.995500 -13.336588
411015.678500 -13.579011
411123.020000 -14.046349
411230.361600 -13.852300
411659.727700 -13.580960
411874.410700 -15.881499
412089.093700 -18.231557
412303.776800 -15.335698
412471.578500 -12.308951
412733.142900 -11.329733
412947.825900 -15.678794
413162.509000 -18.644078
413377.192000 -20.009034
413806.558100 -20.679568
414021.241200 -21.851297
414235.924200 -20.059855
414450.607300 -17.313001
414879.973400 -15.541992
415094.656400 -15.581436
415309.339500 -17.502045
415416.681000 -14.632152
415524.022500 -14.486935
415953.388600 -16.956929
416168.071700 -20.737728
416597.437800 -24.097080
416645.070800 -23.394998
417026.803900 -23.355188
417241.486900 -21.825914
417670.853000 -19.312763
418100.219100 -20.630259
418314.902200 -21.837853
418744.268300 -25.568352
419173.634400 -25.934122
419388.317400 -30.329132
419710.342000 -32.970815
419817.683500 -34.950785
420247.049600 -28.105341
420296.880400 -27.529421
420461.732700 -28.461957
420676.415700 -34.794030
420891.098800 -33.656500
421320.464900 -33.750259
421535.147900 -34.979317
421964.514000 -37.545714
422393.880100 -38.433490
422608.563200 -40.386732
423037.929300 -42.793668
423467.295400 -44.503488
423681.978400 -48.283047
423896.661500 -53.382068
424004.003000 -53.846244
424111.344500 -51.145869
424540.710600 -48.441784
424755.393700 -50.249849
425184.759800 -51.168598
425614.125900 -51.259622
425828.808900 -48.866983
426258.175000 -49.182788
426687.541100 -51.687436
426902.224200 -54.359047
427176.132500 -47.571917
427450.040700 -38.855301
427997.857300 -52.410621
428271.765600 -59.549583
428800.989800 -68.646965
428977.397900 -51.629962
429683.030100 -67.170387
430035.846300 -82.010315
431799.927000 -104.444186
433564.007700 -109.287779
435328.088400 -113.034084
437209.980500 -113.986141
439954.691700 -113.875987
442699.402900 -109.566552
445444.114000 -106.236694
448188.825200 -103.705690
450933.536400 -105.742792
453678.247500 -108.796392
456422.958700 -112.674748
458364.821700 -114.595069
459321.552700 -114.630276
460278.283600 -112.043375
461235.014600 -112.255858
462191.745600 -111.769697
463148.476500 -110.219070
464105.207500 -106.055214
465061.938500 -102.754047
466018.669400 -100.555273
466975.400400 -98.823644
467932.131400 -97.112929
468888.862300 -99.386557
469175.881600 -96.844801
469677.996000 -93.856788
470025.953300 -86.415076
470373.910700 -86.620892
470513.093600 -85.915367
470721.868100 -89.767861
470826.255300 -87.985143
470861.051000 -89.153884
471069.825400 -89.597641
471209.008400 -88.197763
471348.191300 -87.738932
471417.782800 -86.182083
471556.965700 -84.114619
471696.148700 -84.381490
471765.740200 -80.094083
471904.923100 -80.514419
472044.106100 -80.430447
472113.697500 -84.591274
472218.084700 -89.148700
472252.880500 -88.658119
472392.063400 -88.866082
472461.654900 -89.890677
472600.837800 -87.880781
472740.020800 -88.647662
472809.612300 -88.378222
472948.795200 -91.595797
473087.978100 -92.790316
473157.569600 -92.901825
473296.752600 -91.886801
473435.935500 -89.692429
473505.527000 -88.223134
473609.914200 -85.737563
473644.709900 -81.093842
473783.892900 -80.205396
473853.484300 -83.012391
473992.667300 -80.362662
474131.850200 -78.489547
474201.441700 -76.474339
474340.624700 -80.108554
474479.807600 -79.518793
474549.399100 -77.449040
474688.582000 -70.279416
474827.765000 -70.319408
474897.356400 -72.347299
475001.743600 -74.253086
475036.539400 -66.201902
475175.722300 -67.528355
475245.313800 -73.812934
475384.496700 -77.125815
475454.088200 -77.767712
475593.271200 -76.621571
475732.454100 -82.857150
475941.228500 -82.041959
476080.411500 -77.002827
476219.594400 -76.717184
476289.185900 -75.066604
476393.573100 -77.434231
476428.368800 -69.648060
476567.551800 -70.714096
476637.143300 -71.412227
476776.326200 -76.152848
476915.509100 -76.135099
476985.100600 -75.552180
477124.283600 -68.679571
477263.466500 -68.493273
477333.058000 -61.518864
477472.240900 -65.501539
477611.423900 -64.722855
477681.015300 -71.494417
477785.402600 -73.240282
477820.198300 -64.853743
477959.381200 -66.097746
478028.972700 -61.569057
478168.155700 -61.234013
478307.338600 -61.643314
478376.930100 -65.872521
478516.113000 -67.846450
478655.296000 -69.287552
478724.887400 -69.644160
478759.683200 -78.159109
479142.436300 -76.257552
479177.232000 -77.828160
479212.027700 -71.320504
479351.210700 -74.389658
479420.802200 -77.689140
479559.985100 -76.794823
479699.168100 -76.774444
479768.759500 -75.748645
479907.942500 -78.668592
480047.125400 -77.789695
480116.716900 -76.128656
480255.899800 -75.351767
480395.082800 -74.998952
480464.674300 -75.776733
480569.061500 -77.715135
480603.857200 -73.667056
480743.040100 -72.227596
480812.631600 -68.931244
480951.814600 -68.617051
481090.997500 -67.774392
481160.589000 -70.591834
481299.771900 -69.376822
481438.954900 -69.363016
481508.546300 -65.822058
481647.729300 -62.087774
481786.912200 -58.816737
481856.503700 -58.848301
481960.890900 -60.862814
481995.686700 -56.888077
482134.869600 -57.635239
482204.461100 -55.843260
482343.644000 -55.812921
482482.827000 -53.922342
482552.418400 -52.585403
482691.601400 -51.781092
482830.784300 -49.801090
482900.375800 -48.156509
483039.558800 -46.566001
483178.741700 -47.747221
483248.333200 -52.342259
483352.720400 -52.487467
483387.516100 -50.825476
483526.699100 -49.508166
483596.290500 -52.935701
483735.473500 -53.918165
483874.656400 -53.287091
483944.247900 -51.759584
484083.430800 -46.635621
484222.613800 -45.895541
484292.205300 -42.458047
484431.388200 -42.480229
484570.571200 -41.701640
484640.162600 -42.291875
484744.549800 -42.007566
484779.345600 -36.391863
484918.528500 -36.524642
484988.120000 -34.510825
485127.302900 -32.215983
485266.485900 -30.330650
485336.077400 -29.095976
485475.260300 -26.037677
485614.443200 -25.435900
485684.034700 -25.809013
485823.217700 -29.676085
485962.400600 -31.048814
486031.992100 -32.631990
486136.379300 -33.985310
486171.175000 -30.969535
486310.358000 -31.927192
486379.949400 -27.632239
486519.132400 -27.486241
486658.315300 -26.988897
486727.906800 -32.587814
486867.089800 -31.943680
487006.272700 -31.481367
487075.864200 -28.634958
487215.047100 -24.572860
487354.230100 -20.188658
487423.821500 -16.265108
487528.208700 -14.417363
487563.004500 -5.750824
487702.187400 -6.250295
487771.778900 -8.896059
487910.961800 -9.860429
488050.144800 -8.962996
488119.736300 -8.029343
488305.892000 -10.126526
488492.047700 -10.645031
488585.125500 -9.097655
489108.691300 -11.084517
489239.582800 -19.526323
489435.920000 -20.403412
489501.365700 -20.632244
489763.148600 -17.222011
489894.040000 -23.823129
490155.823000 -22.045465
490417.605900 -25.913131
490548.497300 -20.059944
490810.280200 -20.202719
491072.063100 -15.747716
491202.954600 -20.064948
491464.737500 -20.705459
491726.520400 -28.313915
491857.411900 -31.597332
492053.749000 -35.099861
492119.194800 -28.805886
492380.977700 -31.923082
492511.869100 -27.108177
492773.652000 -22.796907
493035.434900 -21.560191
493166.326400 -24.278787
493428.109300 -30.571450
493689.892200 -27.912349
493820.783700 -29.789169
494082.566600 -28.225495
494344.349500 -28.781715
494475.240900 -37.642326
494671.578100 -39.023121
494737.023800 -38.184059
494998.806700 -34.030442
495129.698200 -38.075206
495391.481100 -40.932156
495653.264000 -41.652489
495784.155500 -40.531026
496045.938400 -41.558803
496307.721300 -41.654116
496438.612700 -45.428641
496504.058500 -43.110164
496700.395600 -40.668883
496962.178600 -38.153886
497093.070000 -42.014445
497289.407200 -43.701959
497354.852900 -42.542792
497616.635800 -42.405387
497747.527300 -41.707627
498009.310200 -39.036206
498271.093100 -36.017916
498401.984500 -32.160396
498663.767500 -30.668800
498925.550400 -31.622815
499056.441800 -32.666625
499318.224700 -32.945424
499580.007600 -31.669580
499710.899100 -33.528237
499907.236300 -33.950675
499972.682000 -32.117822
500234.464900 -31.512050
500365.356400 -32.121778
500627.139300 -31.868270
500888.922200 -29.309227
501019.813600 -24.705363
501281.596500 -25.925355
501543.379400 -26.158759
501674.270900 -25.059580
501936.053800 -19.519742
502197.836700 -19.210509
502328.728200 -17.680639
502525.065300 -22.033100
502590.511100 -16.867998
502852.294000 -22.122626
502983.185400 -15.380387
503244.968300 -19.352300
503506.751200 -21.536457
503637.642700 -19.789627
503899.425600 -20.768415
504161.208500 -20.851234
504292.100000 -29.572878
504553.882900 -29.942866
504815.665800 -31.703767
504946.557200 -35.600305
505142.894400 -39.235982
505208.340100 -34.562681
505470.123100 -34.915064
505601.014500 -35.185650
505862.797400 -42.217923
506124.580300 -45.562849
506255.471800 -48.151337
506517.254700 -46.221985
506779.037600 -45.501872
506909.929000 -48.668194
507171.712000 -51.765240
507433.494900 -52.619691
507564.386300 -51.564603
507760.723500 -53.302194
507826.169200 -53.378536
508087.952100 -55.577978
508218.843600 -54.977337
508359.008300 -56.331192
508499.173000 -58.207268
508569.255300 -58.346911
508706.792000 -57.391136
508844.328700 -57.043244
508913.097000 -58.630375
509050.633700 -59.645340
509188.170400 -60.339558
509256.938700 -62.509127
509360.091300 -62.718995
509394.475400 -60.619823
509532.012100 -61.102206
509600.780500 -59.724057
509738.317200 -60.103158
509875.853800 -59.470594
509944.622200 -62.453592
510082.158900 -61.763391
510219.695600 -61.899944
510288.463900 -60.289477
510426.000600 -60.736339
510563.537300 -61.607930
510632.305600 -64.537476
510735.458100 -63.792227
510769.842300 -61.344114
510907.379000 -58.708863
510976.147300 -58.944008
511113.684000 -62.562740
511251.220700 -63.826589
511319.989100 -65.712575
511457.525700 -61.608911
511595.062400 -61.884026
511663.830800 -58.490898
511801.367500 -55.011704
511938.904100 -54.982810
512007.672500 -56.441151
512110.825000 -59.473477
512145.209200 -55.906854
512282.745900 -57.068260
512351.514200 -58.010370
512489.050900 -57.817440
512626.587600 -58.152857
512695.355900 -58.480825
512832.892600 -58.717494
512970.429300 -58.932902
513039.197600 -57.869974
513176.734300 -56.751685
513314.271000 -55.714109
513383.039400 -55.478621
513486.191900 -61.657316
513520.576000 -57.748563
513658.112700 -59.212172
513726.881100 -55.508808
513864.417800 -55.723454
514001.954400 -55.528106
514070.722800 -54.675179
514208.259500 -55.370225
514345.796200 -54.836615
514414.564500 -52.817452
514552.101200 -50.476744
514689.637900 -50.307043
514758.406200 -49.951287
514861.558700 -49.964853
514895.942900 -47.932229
515033.479600 -50.459878
515102.247900 -48.216527
515239.784600 -47.676498
515377.321300 -46.866306
515446.089700 -48.224559
515583.626300 -45.211947
515721.163000 -44.550623
515789.931400 -45.960768
515824.315500 -50.192095
515927.468100 -46.683656
516065.004700 -48.196801
