0.000000 -0.000000
800.394271 0.205966
1628.369717 0.374574
2456.345164 0.543182
3321.561552 0.486551
3979.251838 0.073391
4391.952652 -0.602440
4616.288019 -1.428350
4784.158237 -2.273007
4914.437983 -3.098882
5025.906604 -3.924750
5137.343450 -4.769386
5267.623195 -5.595261
5416.714065 -6.421143
5546.993811 -7.247017
5639.619532 -8.091647
5751.088154 -8.917514
5881.367899 -9.743389
5992.804745 -10.588026
6104.241591 -11.432662
6178.056188 -12.277284
6270.681910 -13.121914
6363.339407 -13.947774
6455.965128 -14.792404
6529.779726 -15.637026
6565.972074 -16.481634
6620.975547 -17.326249
6675.979021 -18.170865
6749.793618 -19.015487
6880.073363 -19.841362
7047.975357 -20.667250
7253.531375 -21.474385
7440.244494 -22.300281
7645.768736 -23.126184
7870.135879 -23.933325
8094.471245 -24.759235
8262.373239 -25.585124
8373.841861 -26.410991
8428.845334 -27.255607
8446.226558 -28.100208
8463.607783 -28.944809
8518.611256 -29.789424
8554.803605 -30.634032
8590.995954 -31.478641
8645.999427 -32.323256
8701.002900 -33.167871
8737.195249 -34.012479
8792.198722 -34.857094
8847.202195 -35.701710
8902.205668 -36.546325
8957.209141 -37.390940
9012.212614 -38.235555
9067.216087 -39.080171
9141.030684 -39.924793
9196.034157 -40.769408
9232.226506 -41.614016
9287.229979 -42.458632
9342.233452 -43.303247
9397.236925 -44.147862
9452.240399 -44.992477
9507.243872 -45.837093
9562.247345 -46.681708
9636.061942 -47.526330
9691.065415 -48.370945
9727.257764 -49.215554
9782.261237 -50.060169
9837.264710 -50.904784
9892.268183 -51.749399
9947.271656 -52.594014
10002.275129 -53.438630
10057.278602 -54.283245
10112.282075 -55.127860
10186.096673 -55.972483
10222.289021 -56.817091
10258.481370 -57.661699
10332.295968 -58.506321
10387.299441 -59.350936
10442.302914 -60.195552
10497.306387 -61.040167
10552.309860 -61.884782
10569.691084 -62.729383
10605.883433 -63.573991
10679.698031 -64.418614
10715.890379 -65.263222
10727.774434 -80.465929
10729.204334 -79.621335
10730.634234 -78.776741
10732.064133 -77.932147
10733.271604 -66.107823
10733.494033 -77.087553
10734.923933 -76.242959
10736.353832 -75.398365
10737.783732 -74.553771
10739.213631 -73.709177
10749.222929 -67.797018
10750.652829 -66.952424
10759.454655 -72.864590
10760.884555 -72.019996
10762.314455 -71.175402
10763.744354 -70.330807
10763.966783 -81.310537
10765.174254 -69.486213
10766.604154 -68.641619
10818.970256 -82.155153
10836.351481 -82.999754
10853.732705 -83.844355
10927.547303 -84.688977
11020.204800 -85.514838
11131.641646 -86.359474
11280.700740 -87.204125
11467.413858 -88.030021
11672.969876 -88.837155
11878.494119 -89.663058
12065.207237 -90.488954
12251.920355 -91.314850
12438.633474 -92.140745
12644.157716 -92.966648
12868.524858 -93.773790
13074.049101 -94.599693
13260.762219 -95.425589
13466.286462 -96.251492
13690.621828 -97.077402
13896.146071 -97.903305
14101.670313 -98.729208
14326.005680 -99.555118
14550.372823 -100.362259
14755.897065 -101.188162
14980.264207 -101.995303
15204.631350 -102.802444
15410.187368 -103.609579
15634.522734 -104.435489
15877.701001 -105.242637
16102.036368 -106.068547
16345.214634 -106.875695
16588.392901 -107.682844
16831.571167 -108.489992
17093.560558 -109.297147
17355.549949 -110.104303
17617.539340 -110.911458
17917.182755 -111.699859
18216.826169 -112.488260
18572.934732 -113.257913
18685.451947 -113.464412
19363.542135 -112.939141
19665.822920 -112.169735
19798.930689 -111.325190
19913.227334 -110.480638
20083.925577 -109.654877
20235.812695 -108.829108
20350.109340 -107.984556
20483.185333 -107.158780
20635.072451 -106.333011
20786.959569 -105.507243
20920.067339 -104.662698
21053.143333 -103.836922
21167.439978 -102.992370
21319.327096 -102.166602
21490.025338 -101.340840
21641.912456 -100.515071
21756.209101 -99.670519
21964.529592 -98.844772
22135.227834 -98.019010
22305.926076 -97.193248
22476.624318 -96.367486
22666.101909 -95.560501
22874.422400 -94.734753
23157.987388 -93.909034
23629.441189 -93.214766
24269.432495 -92.971012
25040.370833 -93.158989
25829.834316 -93.515892
26507.288993 -93.365996
26959.741017 -92.784334
27243.242453 -91.996153
27432.783595 -91.151629
27584.734264 -90.288323
27717.842034 -89.443778
27832.138679 -88.599227
27927.592424 -87.773437
28004.266821 -86.928871
28080.909442 -86.103074
28157.583838 -85.258508
28215.478886 -84.395166
28254.562810 -83.531818
28462.787974 -82.762376
29103.287689 -82.218322
29253.363601 -82.462373
29553.007015 -83.250773
29814.996406 -84.057929
30058.174673 -84.865077
30338.975188 -85.672240
30563.342330 -86.479381
30844.174621 -87.267775
31463.702474 -87.999989
31614.858755 -87.605902
31615.589592 -87.174220
31673.452864 -86.329647
31731.316137 -85.485075
31773.228084 -82.951307
31807.990533 -84.640509
31865.853806 -83.795936
32019.139048 -82.144342
32114.624569 -81.299783
32172.456066 -80.473979
32249.130462 -79.629413
32382.206456 -78.803637
32534.093574 -77.977868
32686.044243 -77.114562
32969.609231 -76.288843
33478.558178 -75.669664
34193.730430 -75.463476
34983.479893 -75.651461
35659.822426 -76.158471
36128.924836 -76.853092
36372.134878 -77.641471
36464.760600 -78.486101
36519.764073 -79.330716
36574.767546 -80.175331
36629.771019 -81.019946
36703.585616 -81.864569
36777.400214 -82.709191
36851.214811 -83.553813
36925.029408 -84.398436
36998.844006 -85.243058
37072.690378 -86.068911
37146.504976 -86.913534
37276.784721 -87.739408
37444.686715 -88.565297
37669.053858 -89.372439
38007.749421 -89.316259
38291.282633 -88.509309
38612.406318 -87.721141
38914.718879 -86.932966
39198.220315 -86.144784
39481.753527 -85.337834
39784.066088 -84.549659
40067.599300 -83.742708
40275.919791 -82.916961
40446.618033 -82.091199
40582.553826 -79.576235
40598.536927 -81.246661
40675.179548 -80.420864
40866.087038 -78.769284
40999.163032 -77.943508
41094.648553 -77.098950
41208.945198 -76.254398
41323.241843 -75.409846
41437.538488 -74.565295
41533.055785 -73.701967
41609.793732 -72.819864
41875.024229 -71.712606
41893.199842 -72.087988
42551.366762 -72.219617
42683.743693 -71.806753
42775.797455 -72.989220
42830.737377 -73.871373
42885.709075 -74.734757
42978.366572 -75.560618
43070.992293 -76.405247
43163.649790 -77.231108
43256.275512 -78.075737
43348.933009 -78.901598
43422.747606 -79.746220
43553.027352 -80.572095
43608.030825 -81.416710
43700.656546 -82.261339
43868.558540 -83.087228
43980.630897 -83.556489
44168.201955 -83.875629
44376.935528 -82.805887
44585.256019 -81.980140
44755.954261 -81.154378
44945.463627 -80.328623
45153.784118 -79.502876
45362.104609 -78.677128
45551.613975 -77.851373
45778.745590 -77.025633
46024.624778 -76.237437
46270.535742 -75.430472
46516.446706 -74.623507
46799.979918 -73.816557
47102.292479 -73.028382
47442.195512 -72.258990
47744.508073 -71.470815
48009.230161 -70.663858
48255.141125 -69.856893
48463.429840 -69.049914
48652.939206 -68.224159
48880.070821 -67.398419
49107.170661 -66.591447
49334.302276 -65.765706
49561.433891 -64.939966
49807.344854 -64.133001
50053.255818 -63.326036
50693.056471 -63.194895
51068.007934 -63.945787
51461.770521 -64.696685
51855.533108 -65.447584
52230.452795 -66.217244
52605.404258 -66.968135
52980.323945 -67.737796
53298.778484 -68.526203
53523.145627 -69.333345
53709.858745 -70.159241
53877.760739 -70.985130
54083.284982 -71.811033
54382.928396 -72.599433
54795.533883 -73.331570
55208.107595 -74.082476
55639.524206 -74.814620
56089.783717 -75.528002
56540.043227 -76.241384
56952.648714 -76.973521
57365.222426 -77.724427
57759.016788 -78.456556
58133.936476 -79.226217
58490.045039 -79.995870
58808.499578 -80.784278
59108.142993 -81.572678
59388.943508 -82.379841
59613.310650 -83.186982
59800.023768 -84.012878
60005.548011 -84.838781
60248.726277 -85.645929
60473.093419 -86.453071
60716.271686 -87.260219
60959.449953 -88.067367
61183.817095 -88.874509
61426.995361 -89.681657
61688.984752 -90.488812
61988.628167 -91.277213
62269.460458 -92.065607
62531.449848 -92.872762
62812.218588 -93.698694
63111.798452 -94.524632
63562.121514 -95.200477
64351.680323 -95.501073
64483.771275 -95.257129
64654.469517 -94.431367
64825.167759 -93.605605
64995.866001 -92.779844
65185.375368 -91.954089
65412.475207 -91.147117
65696.008419 -90.340166
66017.132104 -89.551999
66357.035138 -88.782607
66753.339769 -88.032005
67205.982446 -87.337730
67696.215596 -86.662239
68224.039219 -86.005530
68770.673966 -85.348828
69279.718240 -84.673343
69694.833995 -83.922749
69978.335432 -83.134567
70186.624147 -82.327588
70319.700141 -81.501812
70452.776134 -80.676036
70604.663252 -79.850267
70737.771022 -79.005723
70852.067667 -78.161171
70966.332536 -77.335388
71080.597406 -76.509605
71194.894051 -75.665053
71309.190696 -74.820502
71442.266690 -73.994726
71556.563335 -73.150174
71670.859980 -72.305622
71803.935974 -71.479847
71937.043743 -70.635302
72032.529264 -69.790743
72165.605257 -68.964967
72279.901903 -68.120416
72394.198548 -67.275864
72527.274541 -66.450088
72641.571186 -65.605536
72755.867832 -64.760985
72870.132701 -63.935202
72984.429346 -63.090650
73098.725991 -62.246098
73231.833761 -61.401554
73364.909754 -60.575778
73479.206399 -59.731226
73593.503044 -58.886674
73726.579038 -58.060899
73840.843908 -57.235116
73936.329429 -56.390557
74050.594298 -55.564774
74127.268695 -54.720208
74203.911316 -53.894411
74299.396837 -53.049852
74394.850582 -52.224062
74471.524978 -51.379497
74529.388251 -50.534924
74587.251523 -49.690351
74663.925920 -48.845785
74740.600316 -48.001219
74817.274713 -47.156653
74893.949110 -46.312088
74970.623506 -45.467522
75047.266127 -44.641725
75105.129400 -43.797152
75162.992672 -42.952579
75239.667069 -42.108013
75316.341465 -41.263447
75392.984086 -40.437650
75469.658483 -39.593084
75621.545601 -38.767316
75811.404498 -37.735105
75905.078813 -37.960365
76073.393889 -38.542260
76166.019611 -39.386889
76221.023084 -40.231505
76276.026557 -41.076120
76312.218906 -41.920728
76386.033503 -42.765350
76459.848100 -43.609973
76514.851573 -44.454588
76569.855046 -45.299203
76624.858519 -46.143818
76679.861992 -46.988434
76734.865466 -47.833049
76789.868939 -48.677664
76844.872412 -49.522279
76899.875885 -50.366895
76954.879358 -51.211510
76991.071707 -52.056118
77046.075180 -52.900733
77101.078653 -53.745349
77137.271002 -54.589957
77192.274475 -55.434572
77247.277948 -56.279187
77302.281421 -57.123802
77357.284894 -57.968418
77431.099491 -58.813040
77486.102964 -59.657655
77541.106437 -60.502270
77596.109910 -61.346886
77632.302259 -62.191494
77762.550229 -63.036137
77779.899678 -63.899507
77872.525400 -64.744137
78096.924318 -65.532509
78225.901266 -67.127903
78280.904739 -67.972518
78283.732763 -66.302099
78454.272127 -65.570181
78587.379896 -64.725636
78645.243169 -63.881063
78705.966240 -61.347302
78721.917565 -63.036497
78798.591962 -62.191932
78914.254956 -60.540323
79009.740476 -59.695765
79067.603749 -58.851192
79125.467021 -58.006619
79202.141418 -57.162053
79278.815814 -56.317487
79355.490211 -55.472921
79432.164608 -54.628356
79508.839004 -53.783790
79585.513401 -52.939224
79643.376673 -52.094651
79720.051070 -51.250085
79796.693691 -50.424288
79873.368087 -49.579722
79968.821833 -48.753932
80045.496229 -47.909367
80122.170626 -47.064801
80198.845022 -46.220235
80294.298768 -45.394445
80370.973164 -44.549879
80466.426910 -43.724089
80543.101306 -42.879523
80638.555051 -42.053733
80734.040572 -41.209175
80829.494318 -40.383385
80943.790963 -39.538833
81058.087608 -38.694281
81153.573129 -37.849723
81249.058649 -37.005164
81382.134643 -36.179388
81534.021761 -35.353619
81667.097755 -34.527843
81970.268256 -33.232912
82326.376819 -34.002565
82456.656564 -34.828440
82511.660037 -35.673055
82566.663510 -36.517670
82621.666983 -37.362286
82676.670456 -38.206901
82731.673929 -39.051516
82786.677403 -39.896131
82841.680876 -40.740747
82896.684349 -41.585362
82951.687822 -42.429977
83025.502419 -43.274599
83080.505892 -44.119215
83116.698241 -44.963823
83171.701714 -45.808438
83226.705187 -46.653053
83262.897536 -47.497661
83317.901009 -48.342277
83372.904482 -49.186892
83427.907955 -50.031507
83482.911428 -50.876122
83537.914901 -51.720738
83555.296126 -52.565339
83610.299599 -53.409954
83684.114196 -54.254576
83720.306545 -55.099185
83756.498894 -55.943793
83811.502367 -56.788408
83866.505840 -57.633023
83921.509313 -58.477638
83976.512786 -59.322254
84031.516259 -60.166869
84048.897484 -61.011470
84103.900957 -61.856085
84158.904430 -62.700701
84195.096779 -63.545309
84250.100252 -64.389924
84323.914849 -65.234546
84360.107198 -66.079154
84415.110671 -66.923770
84470.114144 -67.768385
84487.495369 -68.612986
84542.467066 -69.476370
84691.589712 -70.283483
84802.645251 -71.353345
84840.807684 -71.034290
84853.994536 -74.356367
84877.095359 -71.822592
84894.476584 -72.667193
84911.857808 -73.511794
85142.548285 -70.583953
85275.624278 -69.758177
85371.109799 -68.913618
85504.185793 -68.087842
85656.072911 -67.262073
85826.771153 -66.436312
86016.280520 -65.610557
86205.789886 -64.784802
86376.488128 -63.959040
86547.186371 -63.133279
86717.884613 -62.307517
86888.582855 -61.481755
87059.281097 -60.655993
87229.979340 -59.830232
87419.488706 -59.004477
87627.809197 -58.178729
87854.909036 -57.371758
88082.008876 -56.564786
88309.140491 -55.739045
88555.051454 -54.932080
88800.962418 -54.125116
89028.062257 -53.318144
89292.784345 -52.511186
89576.285782 -51.723004
89859.787218 -50.934822
90143.288655 -50.146641
90464.380564 -49.377242
90860.685195 -48.626640
91275.800950 -47.876045
91671.184090 -47.669737
92290.997924 -48.233032
92552.987315 -49.040188
92833.787830 -49.847350
93039.312072 -50.673253
93659.094130 -51.255318
93867.541723 -50.354495
94019.428841 -49.528726
94133.725486 -48.684175
94379.636450 -47.877210
94512.712443 -47.051434
94645.788437 -46.225658
94797.675555 -45.399889
94930.783324 -44.555345
95082.670442 -43.729576
95253.368685 -42.903814
95424.066927 -42.078052
95594.765169 -41.252291
95765.463411 -40.426529
95936.161654 -39.600767
96106.859896 -38.775005
96277.558138 -37.949244
96448.256380 -37.123482
96619.018174 -36.260183
96789.779967 -35.396883
97129.587674 -34.683798
97769.547205 -34.458813
97938.942650 -34.402570
98050.347720 -35.265975
98293.525986 -36.073123
98517.861353 -36.899033
98742.228495 -37.706175
98947.752738 -38.532078
99134.465856 -39.357974
99302.367850 -40.183862
99489.080969 -41.009758
99694.605211 -41.835661
99918.940578 -42.661571
100124.464820 -43.487474
100311.177939 -44.313370
100497.891057 -45.139266
100684.604175 -45.965162
100871.317293 -46.791058
101095.684436 -47.598199
101301.208678 -48.424102
101506.732921 -49.250005
101731.068288 -50.075915
101974.246554 -50.883064
102255.078845 -51.671457
102611.028530 -52.534954
102667.652556 -52.422363
103082.482331 -51.840687
103271.991698 -51.014932
103386.288343 -50.170380
103519.364337 -49.344605
103690.062579 -48.518843
103860.760821 -47.693081
104012.647939 -46.867312
104183.346181 -46.041551
104354.044423 -45.215789
104505.931541 -44.390020
104676.629784 -43.564258
104866.139150 -42.738504
105036.837392 -41.912742
105188.756286 -41.068204
105340.643404 -40.242435
105492.530522 -39.416667
105682.039888 -38.590912
105852.738131 -37.765150
106004.625249 -36.939381
106194.134615 -36.113627
106402.455106 -35.287879
106591.964472 -34.462124
106781.473839 -33.636370
106970.983205 -32.810615
107216.894169 -32.003650
107650.789273 -31.271831
107762.893405 -31.722324
107911.984275 -32.548205
108042.232245 -33.392849
108153.669091 -34.237485
108283.917061 -35.082129
108451.819055 -35.908018
108600.909925 -36.733899
108712.346770 -37.578536
108823.815392 -38.404404
108954.095137 -39.230278
109140.808256 -40.056174
109346.332498 -40.882077
109570.667865 -41.707987
109832.657256 -42.515143
110151.143570 -43.284782
110639.088881 -43.960641
111410.821608 -43.679399
111919.802331 -43.041452
112297.359388 -42.253305
112637.325973 -41.446376
112939.670310 -40.639432
113185.581273 -39.832467
113393.901764 -39.006720
113545.788882 -38.180951
113716.487124 -37.355189
113887.185366 -36.529427
113963.859763 -35.684862
114021.691260 -34.859057
114079.554532 -34.014485
114156.228929 -33.169919
114195.281077 -32.325339
114215.522101 -31.480752
114254.574249 -30.636172
114331.248646 -29.791606
114389.111918 -28.947033
114390.541818 -28.102439
114391.971717 -27.257845
114412.212741 -26.413258
114451.264889 -25.568678
114490.317037 -24.724098
114548.180310 -23.879525
114568.421334 -23.034938
114569.851233 -22.190344
114590.092257 -21.345757
114591.522157 -20.501163
114630.574305 -19.656583
114669.626453 -18.812003
114708.678601 -17.967423
114747.730749 -17.122843
114749.160649 -16.278249
114769.401673 -15.433662
114789.642697 -14.589075
114847.505969 -13.744503
114886.558117 -12.899923
114925.610265 -12.055343
115002.284662 -11.210777
115097.801958 -10.347449
115306.186000 -9.484164
115739.985777 -8.808651
116398.819983 -8.546136
117188.632997 -8.696583
117940.378904 -9.109778
118580.846844 -8.584493
118789.135559 -7.777514
118978.644925 -6.951759
119149.343168 -6.125997
119263.639813 -5.281446
119396.747582 -4.436901
119548.634700 -3.611132
119700.521818 -2.785363
119833.597812 -1.959587
119947.894457 -1.115036
120062.191102 -0.270484
120214.078220 0.555285
120347.185989 1.399829
120461.482634 2.244381
120575.779279 3.088933
120708.855273 3.914709
120823.120143 4.740492
120937.416788 5.585043
121070.492782 6.410819
121222.379900 7.236588
121355.455893 8.062364
121450.941414 8.906923
121584.017408 9.732698
121754.715650 10.558460
121887.791644 11.384236
122002.088289 12.228788
122210.377004 13.035767
122512.880218 13.936554
122681.862581 13.748803
122774.869609 13.129399
122847.254307 11.440182
122848.684206 12.284776
122883.446656 10.595574
122919.639004 9.750966
122935.590329 8.061771
122937.020229 8.906365
122952.971554 7.217170
122989.163903 6.372561
123044.167376 5.527946
123078.929825 3.838744
123080.359725 4.683338
123094.881150 2.149549
123096.311050 2.994143
123112.262375 1.304948
123148.454723 0.460339
123203.458196 -0.384276
123238.220646 -2.073478
123239.650545 -1.228884
123254.171971 -3.762673
123255.601870 -2.918079
123271.553195 -4.607274
123288.934420 -5.451875
123325.126769 -6.296484
123361.319117 -7.141092
123394.651667 -9.674888
123396.081567 -8.830294
123397.511466 -7.985700
123410.602992 -11.364083
123412.032892 -10.519489
123446.795341 -12.208691
123501.798814 -13.053307
123537.991163 -13.897915
123553.942488 -15.587110
123555.372387 -14.742516
123569.893812 -17.276305
123571.323712 -16.431711
123587.275037 -18.120906
123623.467386 -18.965515
123659.659735 -19.810123
123695.852084 -20.654731
123711.803408 -22.343926
123713.233308 -21.499332
123726.324834 -24.877715
123727.754733 -24.033121
123729.184633 -23.188527
123762.517183 -25.722324
123798.709531 -26.566932
123834.901880 -27.411540
123868.234430 -29.945336
123869.664329 -29.100742
123871.094229 -28.256148
123884.185755 -31.634531
123885.615654 -30.789937
123901.566979 -32.479132
123956.570452 -33.323748
123992.762801 -34.168356
124010.144026 -35.012957
124026.095351 -36.702152
124027.525250 -35.857558
124042.046676 -38.391347
124043.476575 -37.546753
124059.427900 -39.235948
124095.620249 -40.080557
124150.623722 -40.925172
124168.004947 -41.769773
124182.526372 -44.303562
124183.956272 -43.458968
124185.386171 -42.614374
124199.907597 -45.148163
124217.288821 -45.992764
124253.481170 -46.837373
124289.673519 -47.681981
124325.865868 -48.526589
124340.387293 -51.060378
124341.817193 -50.215784
124343.247092 -49.371190
124354.908718 -53.594168
124356.338618 -52.749573
124357.768518 -51.904979
124372.289943 -54.438769
124389.671168 -55.283370
124407.052392 -56.127971
124443.244741 -56.972579
124460.625966 -57.817180
124478.007190 -58.661781
124493.958515 -60.350976
124495.388415 -59.506382
124509.909840 -62.040172
124511.339740 -61.195578
124546.102189 -62.884780
124601.105662 -63.729395
124637.298011 -64.574003
124653.249336 -66.263198
124654.679235 -65.418604
124689.441685 -67.107807
124744.445158 -67.952422
124780.637506 -68.797030
124816.829855 -69.641638
124871.833328 -70.486253
124945.647926 -71.330876
125019.462523 -72.175498
125074.465996 -73.020113
125167.091718 -73.864743
125297.371463 -74.690617
125446.398782 -75.554037
125633.080125 -76.398701
125989.188688 -77.168355
126571.412048 -77.712867
127342.223284 -77.975920
128169.912751 -77.976230
128997.951748 -77.770085
129788.463824 -77.507619
130597.755248 -77.263928
131425.857797 -77.020245
132253.833243 -76.851637
133081.522710 -76.851948
133908.926196 -77.021177
134698.548557 -77.284236
135506.918490 -77.584840
136315.320199 -77.866675
137104.910784 -78.148503
137894.469593 -78.449100
138665.153727 -78.787227
139398.056735 -79.219184
140093.210392 -79.726201
140713.024225 -80.289497
141295.152259 -80.890316
141820.751593 -81.547420
142271.011104 -82.260803
142645.962567 -83.011694
143020.882254 -83.781354
143376.990818 -84.551008
143733.099381 -85.320661
144108.050843 -86.071552
144482.970531 -86.841213
144857.921994 -87.592104
145232.873456 -88.342996
145645.447168 -89.093901
146058.020879 -89.844807
146470.594590 -90.595712
146920.854101 -91.309095
147446.453436 -91.966199
148085.110169 -92.510733
148499.145556 -92.398276
148820.269241 -91.610108
148915.754761 -90.765549
149330.838741 -90.033723
149651.962426 -89.245555
150423.854031 -88.870470
150592.868169 -89.039452
151118.467503 -89.696556
151399.299794 -90.484950
151585.981137 -91.329615
151791.505379 -92.155518
151997.029622 -92.981421
152183.742740 -93.807316
152370.455858 -94.633212
152538.326077 -95.477870
152743.786768 -96.341310
153137.612906 -97.054672
153889.422365 -97.430329
154115.346509 -97.317801
154586.832086 -96.604765
154907.955771 -95.816597
155172.677859 -95.009640
155399.777698 -94.202668
155570.475941 -93.376906
155741.174183 -92.551144
155893.061301 -91.725376
156026.137295 -90.899600
156140.433940 -90.055048
156273.541709 -89.210503
156444.239951 -88.384742
156596.127069 -87.558973
156710.423714 -86.714421
156824.688584 -85.888638
156938.953453 -85.062855
157034.438974 -84.218296
157148.703844 -83.392514
157263.000489 -82.547962
157377.297134 -81.703410
157491.562003 -80.877627
157587.047524 -80.033068
157701.344169 -79.188517
157796.797915 -78.362727
157892.251660 -77.536937
157968.989607 -76.654833
158045.759331 -75.753961
158329.165441 -75.022086
158969.506278 -74.571876
159080.943124 -75.416512
159119.709292 -74.740851
159192.379969 -76.261149
159303.848591 -77.087016
159415.285437 -77.931653
159507.942934 -78.757513
159525.324158 -79.602114
159693.226152 -80.428003
159785.851874 -81.272633
159878.477595 -82.117262
159895.699942 -83.055707
160027.568465 -82.943144
160346.023004 -83.731552
160667.559771 -82.699390
160969.777006 -81.967521
161102.916550 -81.104208
161273.646568 -80.259678
161481.967059 -79.433930
161671.476425 -78.608175
161804.584195 -77.763631
162069.306283 -76.956673
162258.815649 -76.130918
162448.325016 -75.305164
162619.023258 -74.479402
162808.532624 -73.653647
163016.821339 -72.846668
163225.110055 -72.039689
163414.619421 -71.213935
163604.128788 -70.388180
163793.638154 -69.562425
163983.147521 -68.736671
164191.436236 -67.929692
164418.536075 -67.122720
164626.856566 -66.296972
164835.177057 -65.471225
165043.465772 -64.664246
165233.038689 -63.800954
165516.603677 -62.975234
166025.393747 -62.449900
166740.407121 -62.337555
167586.621732 -62.506792
168451.742793 -62.619729
169185.757945 -62.394780
169657.021093 -61.813125
169921.711406 -61.024936
170092.441423 -60.180405
170225.549193 -59.335861
170358.625186 -58.510085
170454.110707 -57.665526
170549.564453 -56.839736
170645.049973 -55.995177
170721.724370 -55.150612
170798.398767 -54.306046
170912.695412 -53.461494
171008.180933 -52.616935
171122.477578 -51.772384
171255.553571 -50.946608
171407.440689 -50.120839
171483.511351 -49.632879
171914.927962 -50.365023
172139.263328 -51.190933
172288.354198 -52.016815
172418.633944 -52.842690
172548.913689 -53.668565
172660.350535 -54.513201
172771.787381 -55.357838
172920.878251 -56.183719
173051.157996 -57.009594
173162.594842 -57.854230
173274.031688 -58.698867
173479.555930 -59.524770
173572.149876 -60.388168
173645.900923 -61.270328
173908.017416 -62.002408
174584.645928 -62.340500
174697.544449 -62.321774
174698.942573 -61.495948
174794.428094 -60.651390
174889.881839 -59.825600
174966.556236 -58.981034
175043.198857 -58.155237
175119.873254 -57.310671
175252.949247 -56.484895
175329.623644 -55.640329
175406.298041 -54.795763
175482.972437 -53.951198
175559.646834 -53.106632
175636.321230 -52.262066
175712.995627 -51.417500
175789.638248 -50.591703
175866.312645 -49.747137
175942.955266 -48.921340
176019.629662 -48.076774
176096.304059 -47.232209
176172.978456 -46.387643
176268.463976 -45.543084
176345.138373 -44.698518
176403.001645 -43.853945
176479.644266 -43.028148
176556.318663 -42.183582
176632.993060 -41.339017
176709.667456 -40.494451
176786.341853 -39.649885
176863.016249 -38.805319
176920.879522 -37.960746
176959.963445 -37.097398
177093.039439 -36.271622
177282.485255 -35.483405
177526.902767 -35.558571
177751.555890 -36.196794
177994.734156 -37.003942
178143.825026 -37.829824
178255.261872 -38.674460
178385.541617 -39.500335
178515.821363 -40.326210
178646.069333 -41.170853
178738.695055 -42.015483
178850.131900 -42.860119
178961.568746 -43.704756
179054.194468 -44.549385
179146.851965 -45.375246
179239.477686 -46.219875
179332.103408 -47.064504
179424.729129 -47.909134
179517.386626 -48.734994
179591.201224 -49.579617
179665.047597 -50.405470
179720.051070 -51.250085
179775.054543 -52.094701
179830.058016 -52.939316
179885.061489 -53.783931
179921.253838 -54.628539
179957.446187 -55.473147
180012.449660 -56.317763
180047.212109 -58.006965
180048.642008 -57.162371
180064.593333 -58.851566
180138.407931 -59.696188
180173.170380 -61.385391
180174.600279 -60.540797
180190.551604 -62.229992
180205.073030 -64.763781
180206.502929 -63.919187
180207.932829 -63.074593
180241.265379 -65.608389
180277.457727 -66.452997
180313.650076 -67.297605
180329.601401 -68.986801
180331.031301 -68.142207
180346.982626 -69.831402
180361.504051 -72.365191
180362.933951 -71.520597
180364.363850 -70.676003
180378.885276 -73.209792
180396.266500 -74.054393
180432.458849 -74.899001
180468.651198 -75.743610
180486.032422 -76.588211
180501.983747 -78.277406
180503.413647 -77.432812
180516.505173 -80.811195
180517.935072 -79.966601
180519.364972 -79.122007
180533.886397 -81.655796
180607.700995 -82.500419
180736.932147 -83.945662
180737.980740 -83.326293
180811.827113 -84.152147
180829.208338 -84.996748
180846.589562 -85.841349
181170.795475 -83.232612
181322.682593 -82.406843
181380.545866 -81.562270
181457.220262 -80.717704
181571.516907 -79.873153
181685.813553 -79.028601
181818.889546 -78.202825
181933.186191 -77.358273
182066.293961 -76.513729
182199.369954 -75.687953
182370.068197 -74.862191
182521.955315 -74.036422
182655.031308 -73.210647
182788.107302 -72.384871
182921.183296 -71.559095
183073.070414 -70.733326
183224.957532 -69.907557
183395.655774 -69.081795
183566.354016 -68.256034
183737.052259 -67.430272
183926.561625 -66.604517
184004.634146 -64.934126
184059.637619 -65.778741
184287.881378 -64.296094
184325.757831 -64.145958
184515.267197 -63.320204
184704.744788 -62.513218
184743.161426 -62.044013
184875.379479 -61.724994
184989.644349 -60.899211
185028.696497 -60.054631
185030.126397 -59.210037
185097.871864 -63.639491
185115.253089 -64.484093
185118.112888 -62.794904
185149.920212 -66.229601
185170.256562 -65.328708
185336.696881 -67.017959
186069.599889 -67.449916
186107.889424 -67.055786
186391.422636 -66.248836
186562.120878 -65.423074
186695.228647 -64.578529
186809.525292 -63.733978
186980.223535 -62.908216
187094.520180 -62.063664
187190.005701 -61.219106
187285.459446 -60.393316
187380.944967 -59.548757
187457.619363 -58.704191
187534.293760 -57.859625
187610.936381 -57.033828
187687.610778 -56.189262
187764.285174 -55.344697
187840.959571 -54.500131
187917.633967 -53.655565
187975.465464 -52.829761
188052.139861 -51.985195
188110.003133 -51.140622
188167.866405 -50.296049
188244.540802 -49.451483
188321.215199 -48.606918
188360.267347 -47.762338
188418.130619 -46.917765
188475.993891 -46.073192
188533.857164 -45.228619
188591.720436 -44.384046
188649.583709 -43.539473
188707.446981 -42.694900
188784.121378 -41.850335
188841.984650 -41.005762
188899.847922 -40.161189
188976.522319 -39.316623
189034.385591 -38.472050
189092.248864 -37.627477
189150.112136 -36.782904
189207.975408 -35.938332
189265.838681 -35.093759
189323.701953 -34.249186
189381.565225 -33.404613
189477.050746 -32.560054
189553.725143 -31.715488
189573.997942 -30.852133
189594.302517 -29.970008
189821.307030 -29.219343
190329.842895 -28.844158
190478.933765 -29.670040
190574.387510 -28.844250
190590.370611 -30.514676
190701.839232 -31.340544
190794.464954 -32.185173
190887.122451 -33.011034
190979.748172 -33.855663
191072.405670 -34.681524
191089.786894 -35.526125
191238.877764 -36.352007
191312.692361 -37.196629
191367.695834 -38.041244
191422.699307 -38.885860
191458.891656 -39.730468
191570.328502 -40.575104
191719.451147 -41.382217
191849.794444 -42.170554
191850.207526 -41.926561
191923.640817 -42.996408
191997.455414 -43.841030
192096.118490 -41.119596
192191.604011 -40.275037
192211.845034 -39.430450
192232.086058 -38.585863
192252.327082 -37.741276
192253.756982 -36.896682
192273.998006 -36.052095
192275.427905 -35.207501
192314.480054 -34.362921
192372.343326 -33.518348
192411.395474 -32.673768
192431.636498 -31.829181
192451.877522 -30.984594
192472.118546 -30.140007
192511.170694 -29.295427
192569.033966 -28.450854
192589.274990 -27.606267
192609.516014 -26.761680
192629.757038 -25.917094
192631.186937 -25.072499
192670.239086 -24.227920
192746.913482 -23.383354
192804.776755 -22.538781
192806.206654 -21.694187
192807.636554 -20.849593
192846.688702 -20.005013
192904.551974 -19.160440
192943.604122 -18.315860
192963.845146 -17.471273
192984.086170 -16.626686
193041.949443 -15.782113
193099.812715 -14.937540
193138.864863 -14.092960
193177.917011 -13.248380
193235.780284 -12.403807
193274.832432 -11.559228
193313.884580 -10.714648
193390.558976 -9.870082
193448.422249 -9.025509
193525.096645 -8.180943
193639.456841 -7.298854
193904.242480 -6.454359
194413.096101 -5.891487
195090.423676 -5.816666
195767.020413 -6.173526
196367.959571 -6.774353
196893.463579 -7.487763
197362.502439 -8.219921
197756.296801 -8.952051
198112.405364 -9.721704
198430.891679 -10.491343
198692.912845 -11.279730
198954.902236 -12.086885
199198.080503 -12.894034
199403.604745 -13.719937
199571.506739 -14.545825
199720.597609 -15.371707
199832.066230 -16.197575
199962.314200 -17.042218
200073.782822 -17.868086
200166.408543 -18.712715
200240.223141 -19.557338
200276.415489 -20.401946
200331.418963 -21.246561
200386.422436 -22.091176
200402.373761 -23.780372
200403.803660 -22.935777
200414.035387 -28.003349
200415.465286 -27.158755
200416.895186 -26.314161
200418.325085 -25.469567
200419.754985 -24.624973
200429.986711 -29.692544
200431.416611 -28.847950
200445.938036 -31.381739
200447.367936 -30.537145
200463.319261 -32.226340
200518.322734 -33.070956
200534.274059 -34.760151
200535.703959 -33.915557
200548.795484 -37.293940
200550.225384 -36.449346
200551.655284 -35.604752
200566.176709 -38.138541
200583.557933 -38.983142
200619.750282 -39.827750
200674.753755 -40.672366
200692.134980 -41.516967
200709.516205 -42.361568
200764.519678 -43.206183
200819.523151 -44.050798
200874.526624 -44.895414
200929.530097 -45.740029
201003.344694 -46.584651
201095.970416 -47.429281
201282.683534 -48.255176
201582.326949 -49.043577
202013.775335 -49.756952
202501.720646 -50.432811
202989.634181 -51.127439
203477.484165 -51.859604
204078.296221 -52.535505
204792.546982 -52.873611
205451.254086 -52.686171
205866.179187 -52.048188
206093.310802 -51.222448
206245.261471 -50.359141
206359.589892 -49.495821
206492.665886 -48.670045
206625.741880 -47.844269
206721.227400 -46.999710
206835.524046 -46.155159
206949.788915 -45.329376
207064.085560 -44.484824
207178.350430 -43.659041
207292.615299 -42.833258
207388.100820 -41.988699
207502.365690 -41.162917
207616.662335 -40.318365
207730.958980 -39.473813
207845.223849 -38.648030
207959.520494 -37.803479
208073.817139 -36.958927
208188.113784 -36.114375
208302.410429 -35.269823
208510.699145 -34.462845
208794.264132 -33.637125
208925.783124 -33.731018
209131.561571 -34.406771
209242.998417 -35.251408
209279.190766 -36.096016
209296.571990 -36.940617
209332.764339 -37.785225
209348.715664 -39.474420
209350.145564 -38.629826
209366.096889 -40.319022
209383.478113 -41.163623
209457.292711 -42.008245
209549.918432 -42.852874
209717.820426 -43.678763
210111.583013 -44.429662
210656.025248 -45.068004
211294.681981 -45.612538
211952.149838 -46.157079
212571.931896 -46.739144
213154.028154 -47.358732
213717.313288 -47.978313
214242.912623 -48.635417
214749.669058 -49.311283
215181.117444 -50.024658
215574.880031 -50.775556
215874.523446 -51.563957
216098.858813 -52.389867
216285.571931 -53.215763
216453.473925 -54.041652
216621.375919 -54.867541
216789.277913 -55.693430
216957.179907 -56.519319
217125.081901 -57.345207
217292.983896 -58.171096
217423.231866 -59.015740
217515.857587 -59.860369
217646.137333 -60.686244
217795.228202 -61.512126
217925.507948 -62.338000
218036.944794 -63.182637
218167.192764 -64.027280
218278.661385 -64.853148
218352.475982 -65.697770
218445.133480 -66.523631
218537.759201 -67.368260
218592.762674 -68.212875
218647.766147 -69.057491
218702.769620 -69.902106
218757.773093 -70.746721
218812.776566 -71.591336
218886.591164 -72.435959
218941.594637 -73.280574
218977.786986 -74.125182
219070.444483 -74.951043
219276.064052 -75.720639
219387.405571 -76.621582
219442.695024 -77.297279
219594.582142 -76.471510
219783.710202 -75.870980
219898.006847 -75.026428
219918.247871 -74.181841
219957.300019 -73.337261
220015.163291 -72.492689
220073.026564 -71.648116
220149.700960 -70.803550
220207.564233 -69.958977
220284.238629 -69.114411
220360.913026 -68.269845
220437.587422 -67.425280
220514.261819 -66.580714
220590.904440 -65.754917
220648.767712 -64.910344
220706.630985 -64.065771
220802.116506 -63.221212
220878.790902 -62.376646
220974.276423 -61.532088
221050.950820 -60.687522
221146.404565 -59.861732
221223.078962 -59.017166
221318.532707 -58.191376
221395.207103 -57.346810
221490.692624 -56.502252
221548.555897 -55.657679
221606.419169 -54.813106
221814.707884 -54.006127
221947.815654 -53.161582
222043.269399 -52.335792
222138.754920 -51.491234
222253.051565 -50.646682
222386.127558 -49.820906
222538.014676 -48.995137
222689.901794 -48.169368
222841.820688 -47.324831
223087.731652 -46.517866
223521.594980 -45.804816
223803.507639 -45.955072
224065.497030 -46.762227
224233.399024 -47.588116
224382.489894 -48.413998
224531.580764 -49.239879
224643.017609 -50.084516
224754.454455 -50.929152
224884.734201 -51.755027
224977.359922 -52.599656
225088.796768 -53.444293
225200.265389 -54.270161
225274.079987 -55.114783
225366.737484 -55.940643
225459.363205 -56.785273
225552.020702 -57.611133
225644.646424 -58.455763
225737.272145 -59.300392
225811.086743 -60.145014
225903.744240 -60.970875
225996.369961 -61.815504
226088.995683 -62.660134
226181.621405 -63.504763
226293.058250 -64.349400
226404.526872 -65.175267
226477.006896 -66.808177
226497.152593 -66.019897
226627.400563 -66.864540
226927.043978 -67.652941
227155.065308 -66.301675
227308.350550 -64.650081
227309.844001 -63.767949
227325.668224 -65.532220
227386.518398 -62.923384
227444.381670 -62.078811
227483.433818 -61.234231
227522.485966 -60.389651
227580.349239 -59.545078
227619.401387 -58.700498
227658.453535 -57.855918
227716.316807 -57.011345
227774.180080 -56.166772
227813.232228 -55.322192
227871.095500 -54.477620
227947.769897 -53.633054
227968.010921 -52.788467
228007.063069 -51.943887
228064.926341 -51.099314
228122.789613 -50.254741
228180.652886 -49.410168
228238.516158 -48.565595
228296.379431 -47.721022
228354.242703 -46.876450
228412.105975 -46.031877
228469.969248 -45.187304
228527.832520 -44.342731
228585.695792 -43.498158
228643.559065 -42.653585
228720.233461 -41.809019
228796.876082 -40.983222
228892.361603 -40.138664
228969.004224 -39.312866
229045.678621 -38.468301
229141.132366 -37.642511
229236.617887 -36.797952
229369.725656 -35.953407
229502.801650 -35.127631
229654.688768 -34.301863
229881.788607 -33.494891
230240.502765 -32.725506
230711.988342 -32.012470
231239.811965 -31.355761
231824.005409 -30.736611
232389.387730 -30.117454
232804.439934 -29.404396
233050.350897 -28.597432
233145.836418 -27.752873
233203.699691 -26.908300
233280.374087 -26.063734
233357.048484 -25.219168
233471.345129 -24.374617
233566.798874 -23.548827
233662.284395 -22.704268
233776.549264 -21.878485
233872.034785 -21.033926
233986.331430 -20.189374
234100.596300 -19.363592
234196.081821 -18.519033
234310.378466 -17.674481
234424.643335 -16.848698
234538.939980 -16.004146
234653.236626 -15.159595
234805.123744 -14.333826
234938.199737 -13.508050
235052.496382 -12.663498
235185.604152 -11.818954
235318.680145 -10.993178
235489.378388 -10.167416
235641.265506 -9.341647
235811.963748 -8.515886
236001.473114 -7.690131
236172.171357 -6.864369
236304.230533 -6.639194
236754.490044 -7.352576
236903.580914 -8.178458
236920.930363 -9.041827
236938.311587 -9.886429
236993.315060 -10.731044
237048.318533 -11.575659
237103.322006 -12.420274
237158.325479 -13.264890
237175.706704 -14.109491
237211.899053 -14.954099
237285.713650 -15.798721
237321.905999 -16.643329
237339.287224 -17.487930
237394.290697 -18.332546
237449.294170 -19.177161
237485.486519 -20.021769
237502.867743 -20.866370
237557.871216 -21.710985
237631.685814 -22.555608
237667.878162 -23.400216
237685.259387 -24.244817
237721.451736 -25.089425
237795.266333 -25.934048
237831.458682 -26.778656
237848.839907 -27.623257
237903.843380 -28.467872
237976.228077 -30.157088
237977.657977 -29.312494
238031.231550 -31.001704
238105.046148 -31.846326
238141.238496 -32.690934
238158.619721 -33.535535
238213.623194 -34.380151
238268.626667 -35.224766
238304.819016 -36.069374
238341.011365 -36.913982
238396.014838 -37.758597
238432.207187 -38.603206
238468.399536 -39.447814
238523.403009 -40.292429
238578.406482 -41.137044
238633.409955 -41.981659
238688.413428 -42.826275
238743.416901 -43.670890
238798.420374 -44.515505
238872.234971 -45.360127
238927.238444 -46.204743
238982.241917 -47.049358
239056.056515 -47.893980
239111.059988 -48.738595
239166.063461 -49.583211
239221.066934 -50.427826
239276.070407 -51.272441
239293.451632 -52.117042
239329.643980 -52.961651
239403.458578 -53.806273
239439.650927 -54.650881
239457.032151 -55.495482
239512.035624 -56.340097
239585.850222 -57.184720
239622.042570 -58.029328
239639.423795 -58.873929
239694.427268 -59.718544
239749.430741 -60.563159
239785.623090 -61.407768
239821.815439 -62.252376
239876.818912 -63.096991
239931.822385 -63.941606
239968.014734 -64.786214
240023.018207 -65.630830
240078.021680 -66.475445
240114.214029 -67.320053
240169.217502 -68.164668
240224.220975 -69.009284
240279.224448 -69.853899
240353.039045 -70.698521
240426.853642 -71.543143
240500.668240 -72.387766
240593.325737 -73.213626
240667.140334 -74.058249
240778.608955 -74.884116
240890.045801 -75.728753
241020.293771 -76.573396
241187.814459 -77.624510
241244.660914 -77.380538
241865.841096 -77.136777
242168.153656 -76.348602
242545.678939 -75.579224
242772.778778 -74.772252
243208.072006 -73.214608
243223.769126 -75.053953
243244.264355 -74.059216
243356.876896 -74.209408
243392.179529 -75.579542
243449.153086 -75.260494
243483.915536 -76.949696
243485.345435 -76.105102
243557.730133 -77.794319
243648.925955 -79.483542
243650.355854 -78.638948
243666.307179 -80.328143
243721.310652 -81.172758
243776.314125 -82.017374
243812.506474 -82.861982
243848.698823 -83.706590
243903.702296 -84.551205
243958.705769 -85.395821
243994.898118 -86.240429
244049.901591 -87.085044
244086.093940 -87.929652
244141.097413 -88.774267
244290.188283 -89.600149
244439.692235 -90.182037
244683.950870 -90.351048
244817.185741 -89.431428
244969.072859 -88.605659
245008.125008 -87.761079
245047.177156 -86.916499
245105.040428 -86.071927
245162.903700 -85.227354
245183.144724 -84.382767
245184.574624 -83.538173
245204.815648 -82.693586
245262.678920 -81.849013
245301.731068 -81.004433
245321.972092 -80.159846
245342.213116 -79.315259
245343.643016 -78.470665
245363.884040 -77.626078
245365.313939 -76.781484
245385.554963 -75.936897
245405.795987 -75.092310
245444.848135 -74.247730
245483.900283 -73.403150
245504.141307 -72.558563
245524.382331 -71.713976
245525.812231 -70.869382
245546.053255 -70.024795
245585.105403 -69.180215
245624.157551 -68.335635
245738.454196 -67.491083
245928.122440 -66.571485
246097.136578 -66.740467
246246.576979 -67.359893
246414.478973 -68.185781
246525.947594 -69.011649
246618.573316 -69.856278
246711.199038 -70.700908
246766.202511 -71.545523
246840.017108 -72.390145
246895.020581 -73.234761
246950.024054 -74.079376
247023.838651 -74.923998
247078.842124 -75.768613
247133.845598 -76.613229
247207.660195 -77.457851
247225.041419 -78.302452
247261.233768 -79.147060
247335.048366 -79.991683
247390.051839 -80.836298
247445.055312 -81.680913
247500.058785 -82.525528
247555.062258 -83.370144
247610.065731 -84.214759
247683.912104 -85.040612
247776.537825 -85.885242
247850.384198 -86.711095
247924.198795 -87.555718
248092.100789 -88.381606
248448.209353 -89.151260
248636.320595 -89.151330
249013.845877 -88.381952
249222.166368 -87.556205
249392.864610 -86.730443
249563.562852 -85.904681
249734.261095 -85.078920
249923.770461 -84.253165
250113.279828 -83.427410
250302.789194 -82.601655
250511.109685 -81.775908
250700.619051 -80.950153
250890.096642 -80.143167
251079.606009 -79.317413
251269.115375 -78.491658
251458.624742 -77.665903
251685.724581 -76.858931
251894.013296 -76.051952
252121.113136 -75.244981
252329.433626 -74.419233
252518.942993 -73.593478
252746.042832 -72.786507
252973.142672 -71.979535
253219.085411 -71.153801
253464.996374 -70.346836
253710.907338 -69.539872
253994.408775 -68.751690
254277.910211 -67.963508
254599.002121 -67.194109
254995.306752 -66.443507
255523.162150 -65.768029
256012.187829 -65.805751
256349.485268 -66.575397
256555.009510 -67.401300
256722.911504 -68.227189
256890.813499 -69.053077
257077.526617 -69.878973
257283.050859 -70.704876
257507.418002 -71.512018
257694.131120 -72.337913
257843.221990 -73.163795
258011.123984 -73.989684
258197.837102 -74.815580
258365.739096 -75.641469
258533.641090 -76.467358
258701.543084 -77.293247
258888.256202 -78.119142
259074.969321 -78.945038
259242.871315 -79.770927
259391.962185 -80.596809
259522.241930 -81.422684
259671.332800 -82.248566
259801.580770 -83.093209
259931.828740 -83.937853
260080.919610 -84.763734
260248.821604 -85.589623
260435.534722 -86.415519
260603.436716 -87.241408
260790.149834 -88.067304
260995.674077 -88.893207
261201.198319 -89.719110
261406.754338 -90.526244
261612.278580 -91.352147
261817.802823 -92.178050
262042.169965 -92.985191
262266.537107 -93.792333
262528.526498 -94.599488
262771.704764 -95.406636
263014.851255 -96.232553
263276.872422 -97.020940
263576.515837 -97.809341
263876.159251 -98.597742
264194.582015 -99.404918
264644.873301 -100.099532
265377.776309 -100.531488
265528.551283 -100.362626
265962.446387 -99.630807
266283.538296 -98.861408
266529.449260 -98.054443
266812.982472 -97.247493
267002.491838 -96.421738
267210.780554 -95.614759
267437.880393 -94.807787
267664.980232 -94.000815
267910.922972 -93.175082
268250.826005 -92.405690
268684.689334 -91.692640
268872.895903 -91.636404
269624.705361 -92.012062
270112.650672 -92.687920
270487.538583 -93.476349
270881.301171 -94.227248
271256.252633 -94.978139
271574.643621 -95.804085
272006.123784 -96.498691
272306.593363 -96.799104
272833.431943 -96.724227
272909.566156 -96.198730
273117.854871 -95.391751
273156.938795 -94.528403
273195.990943 -93.683823
273272.665339 -92.839257
273311.717487 -91.994677
273407.203008 -91.150118
273483.877405 -90.305552
273541.740677 -89.460979
273599.603950 -88.616407
273676.278346 -87.771841
273752.920967 -86.946044
273829.595364 -86.101478
273925.049109 -85.275688
274020.534630 -84.431129
274134.799499 -83.605346
274230.285020 -82.760787
274363.456341 -81.878705
274609.367304 -81.071741
275080.662228 -80.471317
275758.593538 -80.039890
276511.705794 -79.646028
277227.354679 -79.158309
277811.516348 -78.557927
278264.190801 -77.844884
278566.503362 -77.056709
278756.012728 -76.230955
278907.899846 -75.405186
279022.164716 -74.579403
279117.650236 -73.734844
279213.103982 -72.909054
279289.778378 -72.064488
279404.075023 -71.219937
279518.371668 -70.375385
279613.857189 -69.530826
279690.531586 -68.686260
279767.205982 -67.841695
279862.659728 -67.015905
279958.145249 -66.171346
280034.787870 -65.345549
280111.462266 -64.500983
280225.727136 -63.675200
280321.212657 -62.830641
280416.698177 -61.986083
280493.372574 -61.141517
280588.826319 -60.315727
280684.311840 -59.471168
280798.608485 -58.626616
280894.094006 -57.782058
280989.579527 -56.937499
281085.033272 -56.111709
281180.518793 -55.267150
281294.783663 -54.441367
281409.048532 -53.615584
281504.534053 -52.771025
281637.610047 -51.945250
281789.497165 -51.119481
281903.793810 -50.274929
282018.090455 -49.430377
282169.977573 -48.604609
282378.298064 -47.778861
282605.429678 -46.953120
282813.718394 -46.146142
283059.629357 -45.339177
283324.351445 -44.532219
283589.073533 -43.725261
283834.952721 -42.937065
284099.674809 -42.130108
284420.798494 -41.341940
284760.733303 -40.553779
285175.817283 -39.821953
285741.199603 -39.202796
286304.452962 -39.841146
286547.694779 -40.610756
286621.477601 -41.474147
286695.260423 -42.337539
286806.697269 -43.182175
286918.134114 -44.026811
287010.759836 -44.871441
287122.196682 -45.716077
287195.979504 -46.579468
287269.698774 -47.480397
287569.469291 -48.193723
287682.018281 -48.381452
288396.777451 -48.419258
288397.571840 -47.950039
288718.631974 -47.199409
288908.204891 -46.336117
289229.296801 -45.566718
289475.207764 -44.759753
289758.709201 -43.971571
290061.021762 -43.183397
290363.334323 -42.395222
290740.859605 -41.625844
291173.706116 -41.513394
291285.142961 -42.358030
291358.957559 -43.202653
291432.772156 -44.047275
291506.586753 -44.891897
291599.244250 -45.717758
291691.869972 -46.562387
291765.716345 -47.388241
291801.908694 -48.232849
291932.188439 -49.058724
292024.814161 -49.903353
292098.628758 -50.747975
292172.443355 -51.592598
292265.100852 -52.418458
292357.726574 -53.263087
292450.384071 -54.088948
292543.009793 -54.933577
292654.446638 -55.778214
292747.072360 -56.622843
292839.698081 -57.467473
292951.166703 -58.293340
293062.603549 -59.137977
293174.040394 -59.982613
293304.320140 -60.808488
293472.222134 -61.634377
293602.470104 -62.479020
293713.906950 -63.323657
293844.186695 -64.149531
293993.214014 -65.012951
294179.831806 -65.895153
294554.878595 -66.589738
295043.268763 -67.002834
295363.407406 -66.796498
295589.871735 -66.364901
296004.955714 -65.633075
296344.858748 -64.863683
296703.572906 -64.094298
297024.664816 -63.324899
297477.339268 -62.611856
297721.947434 -62.574410
298285.200793 -63.212760
298584.844208 -64.001161
298865.676498 -64.789554
299052.389617 -65.615450
299276.724983 -66.441360
299671.377286 -66.666734
300030.091444 -65.897349
300332.404004 -65.109174
300597.126092 -64.302216
300861.816405 -63.514027
301126.538493 -62.707070
301391.260580 -61.900112
301637.171544 -61.093147
301901.893632 -60.286190
302185.426844 -59.479239
302450.148932 -58.672281
302714.839244 -57.884092
302960.750208 -57.077128
303244.251645 -56.288946
303527.753081 -55.500764
303792.475169 -54.693806
304113.598854 -53.905638
304472.313012 -53.136254
304831.027170 -52.366869
305189.391797 -51.803940
305283.701623 -51.653825
306017.303692 -51.672870
306655.960425 -52.217404
307445.487459 -52.536769
307577.355982 -52.424206
307860.889194 -51.617255
307993.965188 -50.791479
308033.017336 -49.946900
308053.258360 -49.102313
308092.310508 -48.257733
308150.173780 -47.413160
308208.037053 -46.568587
308265.900325 -45.724014
308342.574722 -44.879448
308419.249118 -44.034882
308552.325112 -43.209106
308741.834479 -42.383352
309025.367691 -41.576401
309384.081849 -40.807016
309761.575355 -40.056407
310120.289513 -39.287022
310422.602074 -38.498848
310668.513038 -37.691883
310858.022404 -36.866128
311009.909522 -36.040359
311161.828416 -35.195822
311276.093285 -34.370039
311371.578806 -33.525480
311485.875451 -32.680928
311656.573694 -31.855167
311864.894184 -31.029419
312091.994024 -30.222447
312319.093863 -29.415475
312565.004827 -28.608511
312848.538039 -27.801560
313169.693499 -26.994624
313622.304401 -26.319118
313904.979673 -26.018924
314394.196006 -25.944032
314656.725581 -26.432119
315050.519943 -27.164248
315237.201286 -28.008913
315367.449256 -28.853557
315497.729002 -29.679431
315571.543599 -30.524054
315645.358196 -31.368676
315697.501870 -33.902479
315698.931770 -33.057885
315700.361669 -32.213291
315733.694219 -34.747087
315788.697692 -35.591703
315823.460141 -37.280905
315824.890041 -36.436311
315839.411466 -38.970100
315840.841366 -38.125506
315853.932891 -41.503889
315855.362791 -40.659295
315856.792691 -39.814701
315871.314116 -42.348490
315926.317589 -43.193106
315962.509938 -44.037714
315995.842487 -46.571510
315997.272387 -45.726916
315998.702287 -44.882322
316011.793812 -48.260705
316013.223712 -47.416111
316047.986161 -49.105314
316102.989634 -49.949929
316139.181983 -50.794537
316156.563208 -51.639138
316172.514533 -53.328333
316173.944432 -52.483739
316208.706881 -54.172941
316263.710354 -55.017557
316299.902703 -55.862165
316317.283928 -56.706766
316334.665152 -57.551367
316370.857501 -58.395975
316425.860974 -59.240591
316480.864447 -60.085206
316517.056796 -60.929814
316572.060269 -61.774429
316608.252618 -62.619037
316643.015067 -64.308240
316644.444967 -63.463646
316660.396292 -65.152841
316715.399765 -65.997456
316767.384561 -68.625103
316768.909787 -67.724203
316770.403238 -66.842071
316991.878806 -69.357169
317706.447322 -69.507588
317781.469390 -69.638997
317971.169410 -68.700630
318198.269249 -67.893658
318444.180213 -67.086694
318671.280053 -66.279722
318898.379892 -65.472750
319144.290856 -64.665785
319352.579571 -63.858806
319542.088937 -63.033052
319750.409428 -62.207304
319958.729919 -61.381556
320167.050409 -60.555809
320337.748652 -59.730047
320527.258018 -58.904292
320697.956260 -58.078531
320849.843378 -57.252762
320982.951148 -56.408217
321097.247793 -55.563665
321230.323786 -54.737890
321344.588656 -53.912107
321440.074177 -53.067548
321535.527922 -52.241758
321631.013443 -51.397199
321726.467188 -50.571409
321803.141585 -49.726843
321898.595330 -48.901053
321975.269727 -48.056487
322051.944123 -47.211922
322128.618520 -46.367356
322205.292917 -45.522790
322281.967313 -44.678224
322358.641710 -43.833658
322435.316106 -42.989093
322511.990503 -42.144527
322588.633124 -41.318730
322665.307521 -40.474164
322741.950142 -39.648367
322799.813414 -38.803794
322857.676686 -37.959221
322915.539959 -37.114648
322973.403231 -36.270075
323031.266503 -35.425502
323107.940900 -34.580937
323165.804172 -33.736364
323242.478569 -32.891798
323319.152966 -32.047232
323358.205114 -31.202652
323416.068386 -30.358079
323473.931658 -29.513506
323494.172682 -28.668919
323627.280452 -27.824375
323666.332600 -26.979795
323686.573624 -26.135208
323744.436896 -25.290635
323802.300168 -24.446062
323860.163441 -23.601489
323936.837837 -22.756923
324032.323358 -21.912365
324146.588228 -21.086582
324242.073749 -20.242023
324375.181518 -19.397478
324527.068636 -18.571710
324660.144630 -17.745934
324793.252399 -16.901389
324945.139517 -16.075620
325134.648883 -15.249866
325342.969374 -14.424118
325551.289865 -13.598370
325759.610356 -12.772623
325986.710195 -11.965651
326232.652934 -11.139917
326516.186146 -10.332967
326968.828823 -9.638692
327721.941079 -9.244831
327815.837823 -9.338710
328397.934081 -9.958298
328848.193592 -10.671680
329260.830854 -11.385048
329692.279241 -12.098423
330180.192776 -12.793051
330686.917435 -13.487686
331306.699493 -14.069750
331983.613986 -14.238923
332567.426123 -13.844998
332963.667203 -13.131934
333190.830594 -12.287424
333305.159014 -11.424104
333400.644535 -10.579545
333496.098280 -9.753755
333591.583801 -8.909196
333668.258198 -8.064630
333763.743719 -7.220072
333840.418115 -6.375506
333917.092512 -5.530940
333993.766909 -4.686374
334051.630181 -3.841801
334128.304578 -2.997236
334186.167850 -2.152663
334262.842246 -1.308097
334339.484868 -0.482300
334416.159264 0.362266
334492.833661 1.206832
334550.696933 2.051405
334627.371330 2.895970
334685.266378 3.759312
334799.563023 4.603864
335045.442211 5.392060
335142.039876 6.893525
335385.281693 6.123914
335571.963036 5.279250
335608.155385 4.434641
335644.347734 3.590033
335699.351207 2.745418
335735.543556 1.900810
335752.924780 1.056209
335789.117129 0.211600
335841.928089 -35.261392
335843.357989 -34.416798
335844.120602 -0.633015
335844.787889 -33.572204
335846.217788 -32.727610
335847.647688 -31.883016
335849.077588 -31.038422
335850.507487 -30.193828
335851.937387 -29.349234
335857.879414 -36.950588
335859.309314 -36.105993
335872.178411 -28.504647
335873.608310 -27.660053
335875.038210 -26.815459
335876.468110 -25.970865
335877.898009 -25.126271
335880.312951 -1.477623
335894.071763 -37.795196
335896.264276 -3.166818
335897.694176 -2.322224
335898.139033 -24.281684
335913.645501 -4.011419
335918.380057 -23.437097
335931.026725 -4.856020
335949.075236 -38.639811
335957.432205 -22.592517
335966.456461 -39.484412
335967.219074 -5.700629
335977.673229 -21.747930
335982.407786 -41.173607
335983.837685 -40.329013
335997.914253 -20.903343
335998.359111 -42.862802
335999.344153 -20.058749
335999.789010 -42.018208
336003.411423 -6.545237
336015.740335 -43.707404
336019.362748 -8.234432
336019.585177 -19.214162
336020.792647 -7.389838
336021.015076 -18.369568
336022.444976 -17.524974
336023.874876 -16.680380
336025.304775 -15.835786
336032.454273 -11.612815
336033.121560 -44.552005
336033.884173 -10.768221
336035.314073 -9.923627
336036.743972 -9.079033
336045.545799 -14.991199
336046.975699 -14.146604
336048.405598 -13.302010
336049.835498 -12.457416
336088.125033 -45.396620
336122.887482 -47.085822
336124.317382 -46.241228
336135.979008 -50.464205
336137.408907 -49.619611
336138.838807 -48.775017
336140.268707 -47.930423
336151.930333 -52.153401
336153.360232 -51.308807
336169.311557 -52.998002
336185.262882 -54.687197
336186.692782 -53.842603
336221.455231 -55.531805
336257.647580 -56.376413
336273.598905 -58.065608
336275.028805 -57.221014
336286.690431 -61.443992
336288.120330 -60.599398
336289.550230 -59.754804
336290.980129 -58.910210
336302.641755 -63.133187
336304.071655 -62.288593
336320.022980 -63.977788
336337.404205 -64.822389
336373.596553 -65.666997
336409.788902 -66.511606
336427.170127 -67.356207
336443.121452 -69.045402
336444.551352 -68.200808
336459.072777 -70.734597
336460.502676 -69.890003
336476.454001 -71.579198
336531.457474 -72.423813
336586.460948 -73.268429
336602.412272 -74.957624
336603.842172 -74.113030
336638.604621 -75.802232
336693.608094 -76.646847
336729.800443 -77.491455
336765.992792 -78.336064
336839.807389 -79.180686
336913.621987 -80.025308
336987.436584 -80.869930
337061.282957 -81.695784
337153.908678 -82.540413
337284.188424 -83.366288
337433.279294 -84.192170
337582.338388 -85.036820
337712.586358 -85.881464
337842.866104 -86.707339
337973.145849 -87.533213
338141.047843 -88.359102
338308.949837 -89.184991
338495.662955 -90.010887
338701.218974 -90.818021
338906.743216 -91.643924
339093.456334 -92.469820
339298.980577 -93.295723
339485.693695 -94.121619
339691.249713 -94.928753
339934.427980 -95.735902
340158.763347 -96.561812
340364.287589 -97.387715
340532.189583 -98.213603
340662.437553 -99.058247
340755.063275 -99.902876
340810.066748 -100.747492
340846.259097 -101.592100
340882.451445 -102.436708
340918.643794 -103.281316
340954.836143 -104.125924
341009.839616 -104.970539
341083.654213 -105.815162
341157.468811 -106.659784
341250.094532 -107.504413
341361.531378 -108.349050
341585.898520 -109.156191
341867.938282 -109.231372
342358.171432 -108.555880
342698.074465 -107.786489
343019.198150 -106.998321
343377.912308 -106.228936
343736.594691 -105.478320
344095.308849 -104.708935
344416.400758 -103.939536
344737.524443 -103.151368
345021.057655 -102.344418
345285.779743 -101.537460
345512.879583 -100.730488
345702.388949 -99.904733
345854.276067 -99.078965
345949.761588 -98.234406
346026.404209 -97.408609
346084.267481 -96.564036
346142.130754 -95.719463
346199.994026 -94.874890
346257.857299 -94.030317
346315.720571 -93.185744
346392.394968 -92.341179
346469.069364 -91.496613
346545.743761 -90.652047
346622.418157 -89.807481
346717.903678 -88.962922
346813.389199 -88.118364
346946.496968 -87.273819
347005.758365 -85.603421
347060.761838 -86.448036
347289.291577 -84.796470
347478.800943 -83.970716
347630.688061 -83.144947
347801.386304 -82.319185
347972.084546 -81.493423
348180.405037 -80.667676
348369.882627 -79.860690
348521.801521 -79.016152
348654.909290 -78.171607
348806.796408 -77.345839
348921.093053 -76.501287
349016.578574 -75.656728
349093.252971 -74.812162
349169.927367 -73.967597
349265.412888 -73.123038
349342.087285 -72.278472
349456.383930 -71.433920
349739.917142 -70.626970
349740.616204 -70.214057
349964.983346 -71.021198
350132.885340 -71.847087
350263.133310 -72.691731
350412.224180 -73.517612
350598.937299 -74.343508
350804.461541 -75.169411
351009.985784 -75.995314
351253.164050 -76.802463
351515.121665 -77.628387
351814.765080 -78.416788
352133.219619 -79.205195
352451.674158 -79.993603
352770.160473 -80.763242
353069.803888 -81.551643
353388.258427 -82.340051
353687.901842 -83.128452
353874.614960 -83.954348
353986.051806 -84.798984
354078.677527 -85.643613
354152.523900 -86.469467
354207.527373 -87.314082
354262.530846 -88.158697
354317.534319 -89.003313
354353.726668 -89.847921
354408.730141 -90.692536
354463.733614 -91.537151
354499.925963 -92.381759
354517.307188 -93.226361
354572.310661 -94.070976
354646.125258 -94.915598
354679.394256 -97.486932
354680.855932 -96.623569
354682.317607 -95.760206
354866.139150 -98.294059
354959.050852 -98.969770
355448.235409 -98.913647
355524.464947 -98.331844
355751.564787 -97.524872
355847.050308 -96.680313
355961.346953 -95.835762
356075.643598 -94.991210
356208.751367 -94.146665
356360.638485 -93.320896
356493.746254 -92.476352
356608.042900 -91.631800
356741.150669 -90.787255
356893.037787 -89.961487
357044.924905 -89.135718
357178.000899 -88.309942
357273.486419 -87.465383
357406.562413 -86.639607
357577.260655 -85.813846
357747.958898 -84.988084
357918.657140 -84.162322
358126.977631 -83.336574
358354.077470 -82.529603
358562.366185 -81.722624
358695.473955 -80.878079
359035.376988 -80.108687
359337.689549 -79.320512
359640.002110 -78.532338
359923.535322 -77.725387
360169.446286 -76.918422
360396.577901 -76.092682
360623.677740 -75.285710
360831.998231 -74.459962
361002.696473 -73.634200
361173.394715 -72.808439
361344.092957 -71.982677
361477.168951 -71.156901
361610.276721 -70.312356
361743.352714 -69.486581
361876.460484 -68.642036
362028.347602 -67.816267
362199.045844 -66.990505
362369.744086 -66.164744
362540.442328 -65.338982
362673.518322 -64.513206
362825.405440 -63.687437
362977.292558 -62.861668
363147.990800 -62.035907
363356.279516 -61.228928
363583.379355 -60.421956
364053.879890 -60.290751
364372.366204 -61.060390
364653.166719 -61.867553
364877.533862 -62.674694
365120.680353 -63.500611
365382.669743 -64.307767
365607.005110 -65.133677
365963.113673 -65.903330
366601.770406 -66.447864
366903.129701 -66.222752
367205.442262 -65.434577
367413.730977 -64.627598
367584.429219 -63.801836
367736.316337 -62.976067
367831.801858 -62.131509
367964.877852 -61.305733
368097.953845 -60.479957
368212.250490 -59.635405
368345.358260 -58.790861
368440.843781 -57.946302
368517.518177 -57.101736
368631.783047 -56.275953
368746.079692 -55.431401
368860.376337 -54.586850
368955.861858 -53.742291
369051.347379 -52.897732
369165.612248 -52.071949
369279.908893 -51.227398
369394.205538 -50.382846
369508.470408 -49.557063
369622.735277 -48.731280
369737.031922 -47.886728
369851.328567 -47.042177
370059.617283 -46.235198
370248.935996 -45.522056
370493.480611 -45.522147
370623.855683 -46.291716
370754.135429 -47.117591
370790.327777 -47.962199
370864.142375 -48.806821
370937.956972 -49.651443
371011.771569 -50.496066
371066.775042 -51.340681
371140.589640 -52.185303
371195.593113 -53.029919
371269.407710 -53.874541
371343.222307 -54.719163
371398.225781 -55.563778
371453.229254 -56.408394
371508.232727 -57.253009
371563.236200 -58.097624
371618.239673 -58.942239
371673.243146 -59.786855
371690.624370 -60.631456
371726.816719 -61.476064
371819.442441 -62.320693
371836.823665 -63.165294
371854.204890 -64.009895
371871.586115 -64.854497
371887.537440 -66.543692
371888.967339 -65.699098
371923.729788 -67.388300
371978.733261 -68.232915
371996.114486 -69.077516
372013.495711 -69.922117
372068.499184 -70.766733
372123.502657 -71.611348
372159.695006 -72.455956
372214.698479 -73.300571
372269.733727 -74.126418
372343.548325 -74.971040
372492.639194 -75.796922
372679.066333 -76.791737
372811.093733 -76.585330
373000.158242 -76.022338
373076.832639 -75.177772
373078.262538 -74.333178
373136.125811 -73.488605
373231.611332 -72.644046
373308.253953 -71.818249
373403.739474 -70.973690
373480.382095 -70.147893
373575.867615 -69.303335
373690.164261 -68.458783
373823.240254 -67.633007
373937.536899 -66.788455
374051.833544 -65.943904
374184.909538 -65.118128
374336.796656 -64.292359
374469.904426 -63.447814
374602.980419 -62.622038
374754.867537 -61.796270
374925.565780 -60.970508
375096.264022 -60.144746
375248.151140 -59.318977
375400.038258 -58.493208
375551.925376 -57.667440
375703.812494 -56.841671
375874.510736 -56.015909
376064.020102 -55.190154
376253.529469 -54.364400
376443.038835 -53.538645
376632.548202 -52.712890
376840.868693 -51.887143
377049.157408 -51.080164
377295.068371 -50.273199
377578.601584 -49.466248
377862.134796 -48.659298
378164.415581 -47.889892
378504.318615 -47.120500
378956.993067 -46.407457
