0.000000 0.000000
1000.000000 -0.860000
2000.000000 -4.480000
3000.000000 -4.140000
4000.000000 -5.360000
5000.000000 -8.490000
6000.000000 -12.500000
7000.000000 -14.600000
8000.000000 -17.580000
9000.000000 -24.320000
10000.000000 -33.080000
11000.000000 -44.340000
12000.000000 -59.540000
13000.000000 -74.790000
14000.000000 -85.130000
15000.000000 -95.060000
16000.000000 -106.550000
17000.000000 -115.790000
18000.000000 -121.500000
19000.000000 -125.170000
20000.000000 -126.050000
21000.000000 -128.500000
22000.000000 -134.310000
23000.000000 -137.210000
24000.000000 -138.490000
25000.000000 -135.380000
26000.000000 -130.890000
27000.000000 -126.770000
28000.000000 -123.680000
29000.000000 -119.360000
30000.000000 -114.270000
31000.000000 -111.990000
32000.000000 -109.120000
33000.000000 -105.970000
34000.000000 -105.860000
35000.000000 -107.320000
36000.000000 -107.880000
37000.000000 -103.760000
38000.000000 -101.590000
39000.000000 -98.790000
40000.000000 -94.390000
41000.000000 -88.250000
42000.000000 -84.250000
43000.000000 -82.400000
44000.000000 -84.670000
45000.000000 -82.980000
46000.000000 -84.270000
47000.000000 -82.190000
48000.000000 -85.200000
49000.000000 -82.240000
50000.000000 -76.790000
51000.000000 -71.600000
52000.000000 -76.370000
53000.000000 -77.340000
54000.000000 -78.540000
55000.000000 -80.750000
56000.000000 -86.520000
57000.000000 -91.230000
58000.000000 -94.200000
59000.000000 -91.430000
60000.000000 -93.220000
61000.000000 -95.050000
62000.000000 -92.810000
63000.000000 -93.240000
64000.000000 -91.970000
65000.000000 -91.210000
66000.000000 -90.960000
67000.000000 -87.860000
68000.000000 -79.550000
69000.000000 -76.600000
70000.000000 -73.880000
71000.000000 -59.920000
72000.000000 -55.200000
73000.000000 -52.330000
74000.000000 -44.670000
75000.000000 -41.550000
76000.000000 -40.070000
77000.000000 -36.180000
78000.000000 -37.290000
79000.000000 -41.440000
80000.000000 -39.340000
81000.000000 -39.850000
82000.000000 -38.130000
83000.000000 -34.060000
84000.000000 -39.150000
85000.000000 -38.480000
86000.000000 -47.260000
87000.000000 -51.580000
88000.000000 -55.090000
89000.000000 -51.930000
90000.000000 -52.120000
91000.000000 -48.790000
92000.000000 -50.160000
93000.000000 -50.650000
94000.000000 -49.010000
95000.000000 -42.730000
96000.000000 -36.230000
97000.000000 -30.680000
98000.000000 -29.680000
99000.000000 -25.750000
100000.000000 -27.980000
101000.000000 -26.210000
102000.000000 -33.520000
103000.000000 -37.960000
104000.000000 -40.200000
105000.000000 -42.850000
106000.000000 -48.820000
107000.000000 -53.500000
108000.000000 -52.970000
109000.000000 -54.440000
110000.000000 -54.850000
111000.000000 -55.570000
112000.000000 -51.670000
113000.000000 -47.420000
114000.000000 -42.330000
115000.000000 -34.660000
116000.000000 -30.990000
117000.000000 -22.580000
118000.000000 -16.050000
119000.000000 -8.490000
120000.000000 1.810000
121000.000000 4.360000
122000.000000 -3.220000
123000.000000 -7.290000
124000.000000 -9.670000
125000.000000 -15.140000
126000.000000 -21.210000
127000.000000 -35.590000
128000.000000 -44.620000
129000.000000 -61.440000
130000.000000 -82.210000
131000.000000 -91.420000
132000.000000 -110.630000
133000.000000 -122.870000
134000.000000 -128.750000
135000.000000 -132.250000
136000.000000 -132.440000
137000.000000 -132.100000
138000.000000 -131.210000
139000.000000 -129.430000
140000.000000 -127.370000
141000.000000 -121.940000
142000.000000 -119.270000
143000.000000 -115.240000
144000.000000 -110.890000
145000.000000 -108.830000
146000.000000 -109.200000
147000.000000 -108.010000
148000.000000 -107.670000
149000.000000 -105.430000
150000.000000 -99.280000
151000.000000 -95.410000
152000.000000 -94.390000
153000.000000 -93.710000
154000.000000 -95.400000
155000.000000 -98.200000
156000.000000 -101.000000
157000.000000 -101.160000
158000.000000 -97.400000
159000.000000 -96.430000
160000.000000 -95.440000
161000.000000 -93.780000
162000.000000 -87.230000
163000.000000 -85.570000
164000.000000 -82.910000
165000.000000 -80.150000
166000.000000 -73.780000
167000.000000 -70.180000
168000.000000 -70.010000
169000.000000 -66.650000
170000.000000 -63.830000
171000.000000 -66.170000
172000.000000 -72.940000
173000.000000 -71.640000
174000.000000 -70.630000
175000.000000 -69.910000
176000.000000 -72.170000
177000.000000 -71.100000
178000.000000 -74.520000
179000.000000 -77.040000
180000.000000 -76.610000
181000.000000 -77.030000
182000.000000 -77.080000
183000.000000 -77.350000
184000.000000 -78.800000
185000.000000 -79.990000
186000.000000 -76.000000
187000.000000 -72.620000
188000.000000 -67.470000
189000.000000 -64.230000
190000.000000 -59.460000
191000.000000 -53.400000
192000.000000 -45.790000
193000.000000 -41.320000
194000.000000 -40.920000
195000.000000 -34.630000
196000.000000 -30.190000
197000.000000 -21.970000
198000.000000 -18.580000
199000.000000 -16.210000
200000.000000 -19.730000
201000.000000 -28.030000
202000.000000 -29.990000
203000.000000 -35.030000
204000.000000 -32.220000
205000.000000 -22.880000
206000.000000 -18.330000
207000.000000 -22.590000
208000.000000 -18.620000
209000.000000 -19.090000
210000.000000 -19.960000
211000.000000 -17.940000
212000.000000 -15.870000
213000.000000 -15.270000
214000.000000 -15.540000
215000.000000 -17.670000
216000.000000 -21.590000
217000.000000 -32.000000
218000.000000 -37.750000
219000.000000 -45.300000
220000.000000 -57.820000
221000.000000 -70.240000
222000.000000 -75.520000
223000.000000 -82.170000
224000.000000 -80.640000
225000.000000 -82.840000
226000.000000 -79.170000
227000.000000 -75.370000
228000.000000 -73.940000
229000.000000 -73.550000
230000.000000 -67.600000
231000.000000 -59.940000
232000.000000 -50.250000
233000.000000 -40.080000
234000.000000 -34.960000
235000.000000 -29.870000
236000.000000 -23.520000
237000.000000 -17.930000
238000.000000 -23.310000
239000.000000 -29.580000
240000.000000 -34.800000
241000.000000 -43.630000
242000.000000 -53.390000
243000.000000 -62.210000
244000.000000 -66.650000
245000.000000 -62.960000
246000.000000 -81.590000
247000.000000 -89.160000
248000.000000 -95.200000
249000.000000 -96.790000
250000.000000 -100.270000
251000.000000 -102.800000
252000.000000 -102.990000
253000.000000 -104.140000
254000.000000 -100.460000
255000.000000 -95.390000
256000.000000 -98.790000
257000.000000 -102.020000
258000.000000 -102.200000
259000.000000 -98.380000
260000.000000 -89.550000
261000.000000 -86.790000
262000.000000 -86.170000
263000.000000 -85.990000
264000.000000 -93.870000
265000.000000 -93.030000
266000.000000 -90.580000
267000.000000 -91.260000
268000.000000 -101.570000
269000.000000 -105.690000
270000.000000 -106.700000
271000.000000 -98.440000
272000.000000 -88.710000
273000.000000 -84.610000
274000.000000 -82.870000
275000.000000 -76.050000
276000.000000 -70.340000
277000.000000 -65.240000
278000.000000 -62.010000
279000.000000 -58.620000
280000.000000 -54.550000
281000.000000 -48.380000
282000.000000 -46.430000
283000.000000 -45.180000
284000.000000 -43.550000
285000.000000 -43.710000
286000.000000 -45.060000
287000.000000 -46.340000
288000.000000 -51.180000
289000.000000 -60.340000
290000.000000 -65.180000
291000.000000 -67.020000
292000.000000 -65.040000
293000.000000 -63.370000
294000.000000 -61.720000
295000.000000 -60.890000
296000.000000 -57.440000
297000.000000 -56.840000
298000.000000 -56.090000
299000.000000 -53.820000
300000.000000 -51.370000
301000.000000 -48.080000
302000.000000 -46.500000
303000.000000 -41.550000
304000.000000 -43.840000
305000.000000 -47.910000
306000.000000 -44.270000
307000.000000 -39.040000
308000.000000 -39.560000
309000.000000 -36.390000
310000.000000 -32.590000
311000.000000 -30.710000
312000.000000 -30.370000
313000.000000 -26.910000
314000.000000 -20.880000
315000.000000 -20.610000
316000.000000 -18.340000
317000.000000 -18.940000
318000.000000 -19.370000
319000.000000 -19.800000
320000.000000 -16.930000
321000.000000 -15.410000
322000.000000 -11.000000
323000.000000 -9.200000
324000.000000 -11.090000
325000.000000 -16.260000
326000.000000 -16.240000
327000.000000 -11.550000
328000.000000 -9.100000
329000.000000 -10.240000
330000.000000 -15.400000
331000.000000 -24.910000
332000.000000 -42.510000
333000.000000 -45.420000
334000.000000 -56.550000
335000.000000 -66.910000
336000.000000 -82.910000
337000.000000 -94.190000
338000.000000 -99.710000
339000.000000 -101.770000
340000.000000 -105.340000
341000.000000 -112.370000
342000.000000 -116.600000
343000.000000 -117.070000
344000.000000 -117.290000
345000.000000 -117.530000
346000.000000 -114.330000
347000.000000 -111.790000
348000.000000 -111.150000
349000.000000 -109.520000
350000.000000 -105.530000
351000.000000 -98.460000
352000.000000 -93.620000
353000.000000 -92.500000
354000.000000 -94.980000
355000.000000 -99.610000
356000.000000 -103.430000
357000.000000 -101.470000
358000.000000 -100.370000
359000.000000 -97.120000
360000.000000 -93.260000
361000.000000 -87.370000
362000.000000 -79.640000
363000.000000 -74.560000
364000.000000 -74.890000
365000.000000 -73.590000
366000.000000 -65.750000
367000.000000 -58.940000
368000.000000 -57.710000
369000.000000 -56.490000
370000.000000 -57.790000
371000.000000 -57.710000
372000.000000 -55.350000
373000.000000 -56.960000
374000.000000 -55.980000
375000.000000 -58.690000
376000.000000 -56.740000
377000.000000 -58.710000
378000.000000 -58.050000
379000.000000 -46.280000
380000.000000 -35.010000
381000.000000 -32.490000
382000.000000 -37.390000
383000.000000 -36.330000
384000.000000 -35.770000
385000.000000 -33.560000
386000.000000 -30.690000
387000.000000 -27.560000
388000.000000 -30.140000
389000.000000 -34.720000
390000.000000 -36.890000
391000.000000 -31.890000
392000.000000 -26.400000
393000.000000 -18.230000
394000.000000 -15.020000
395000.000000 -12.710000
396000.000000 -11.650000
397000.000000 -9.510000
398000.000000 -5.310000
399000.000000 1.750000
400000.000000 6.100000
401000.000000 5.560000
402000.000000 4.520000
403000.000000 6.070000
404000.000000 7.470000
405000.000000 4.370000
406000.000000 2.680000
407000.000000 1.760000
408000.000000 -0.700000
409000.000000 -3.050000
410000.000000 -11.880000
411000.000000 -16.210000
412000.000000 -20.440000
413000.000000 -20.940000
414000.000000 -25.960000
415000.000000 -33.640000
416000.000000 -40.230000
417000.000000 -44.080000
418000.000000 -55.370000
419000.000000 -59.920000
420000.000000 -66.600000
421000.000000 -72.010000
422000.000000 -74.800000
423000.000000 -85.930000
424000.000000 -87.140000
425000.000000 -104.040000
426000.000000 -118.430000
427000.000000 -124.980000
428000.000000 -126.750000
429000.000000 -128.930000
430000.000000 -127.910000
431000.000000 -119.410000
432000.000000 -120.060000
433000.000000 -121.150000
434000.000000 -119.520000
435000.000000 -115.070000
436000.000000 -113.910000
437000.000000 -113.260000
438000.000000 -110.740000
439000.000000 -105.380000
440000.000000 -99.910000
441000.000000 -98.540000
442000.000000 -100.550000
443000.000000 -101.780000
444000.000000 -99.690000
445000.000000 -96.280000
446000.000000 -95.520000
447000.000000 -95.020000
448000.000000 -96.950000
449000.000000 -98.280000
450000.000000 -97.770000
451000.000000 -97.820000
452000.000000 -96.210000
453000.000000 -94.590000
454000.000000 -92.940000
455000.000000 -90.900000
456000.000000 -89.860000
457000.000000 -88.330000
458000.000000 -85.940000
459000.000000 -81.840000
460000.000000 -81.430000
461000.000000 -79.680000
462000.000000 -78.290000
463000.000000 -75.460000
464000.000000 -73.880000
465000.000000 -74.830000
466000.000000 -71.390000
467000.000000 -62.890000
468000.000000 -52.000000
469000.000000 -51.210000
470000.000000 -51.750000
471000.000000 -49.630000
472000.000000 -41.580000
473000.000000 -36.840000
474000.000000 -34.500000
475000.000000 -32.090000
476000.000000 -29.840000
477000.000000 -27.610000
478000.000000 -28.340000
479000.000000 -31.410000
480000.000000 -32.770000
481000.000000 -32.410000
482000.000000 -30.530000
483000.000000 -28.200000
484000.000000 -24.910000
485000.000000 -21.120000
486000.000000 -17.440000
487000.000000 -17.620000
488000.000000 -17.200000
489000.000000 -18.070000
490000.000000 -15.290000
491000.000000 -12.740000
492000.000000 -10.850000
493000.000000 -12.440000
494000.000000 -14.590000
495000.000000 -17.710000
496000.000000 -18.440000
497000.000000 -15.390000
498000.000000 -14.050000
499000.000000 -17.990000
500000.000000 -22.560000
501000.000000 -23.330000
502000.000000 -24.040000
503000.000000 -27.370000
504000.000000 -30.580000
505000.000000 -33.440000
506000.000000 -36.110000
507000.000000 -42.610000
508000.000000 -47.620000
509000.000000 -55.320000
510000.000000 -55.450000
511000.000000 -53.400000
512000.000000 -52.810000
513000.000000 -53.280000
514000.000000 -51.500000
515000.000000 -50.330000
516000.000000 -47.550000
517000.000000 -44.780000
518000.000000 -45.350000
519000.000000 -46.680000
520000.000000 -45.100000
521000.000000 -44.990000
522000.000000 -46.820000
523000.000000 -49.700000
524000.000000 -50.480000
525000.000000 -49.960000
526000.000000 -49.680000
527000.000000 -48.460000
528000.000000 -48.500000
529000.000000 -50.660000
530000.000000 -52.100000
531000.000000 -53.670000
532000.000000 -53.710000
533000.000000 -53.010000
534000.000000 -56.160000
535000.000000 -61.140000
536000.000000 -64.070000
537000.000000 -67.390000
538000.000000 -64.180000
539000.000000 -59.910000
540000.000000 -58.990000
541000.000000 -55.160000
542000.000000 -51.730000
543000.000000 -53.720000
544000.000000 -53.890000
545000.000000 -53.730000
546000.000000 -55.030000
547000.000000 -57.350000
548000.000000 -59.460000
549000.000000 -62.110000
550000.000000 -62.750000
551000.000000 -60.010000
552000.000000 -58.300000
553000.000000 -59.760000
554000.000000 -61.100000
555000.000000 -58.370000
556000.000000 -52.380000
557000.000000 -46.510000
558000.000000 -40.410000
559000.000000 -37.880000
560000.000000 -36.070000
561000.000000 -35.390000
562000.000000 -34.820000
563000.000000 -33.390000
564000.000000 -30.120000
565000.000000 -26.730000
566000.000000 -19.580000
567000.000000 -13.900000
568000.000000 -13.270000
569000.000000 -11.650000
570000.000000 -9.060000
571000.000000 -8.180000
572000.000000 -6.660000
573000.000000 -8.420000
574000.000000 -8.880000
575000.000000 -12.100000
576000.000000 -12.360000
577000.000000 -11.710000
578000.000000 -13.910000
579000.000000 -23.450000
580000.000000 -32.030000
581000.000000 -38.350000
582000.000000 -44.030000
583000.000000 -50.080000
584000.000000 -53.330000
585000.000000 -54.400000
586000.000000 -49.950000
587000.000000 -47.150000
588000.000000 -45.530000
589000.000000 -39.100000
590000.000000 -33.200000
591000.000000 -30.100000
592000.000000 -28.970000
593000.000000 -30.380000
594000.000000 -29.810000
595000.000000 -26.350000
596000.000000 -23.460000
597000.000000 -24.040000
598000.000000 -27.530000
599000.000000 -33.050000
600000.000000 -41.350000
601000.000000 -41.230000
602000.000000 -39.410000
603000.000000 -37.950000
604000.000000 -33.990000
605000.000000 -24.090000
606000.000000 -16.310000
607000.000000 -14.290000
608000.000000 -15.190000
609000.000000 -17.770000
610000.000000 -17.660000
611000.000000 -18.600000
612000.000000 -18.190000
613000.000000 -12.570000
614000.000000 -9.020000
615000.000000 -11.310000
616000.000000 -16.780000
617000.000000 -29.380000
618000.000000 -43.340000
619000.000000 -65.340000
620000.000000 -78.360000
621000.000000 -86.360000
622000.000000 -93.000000
623000.000000 -100.280000
624000.000000 -103.580000
625000.000000 -105.540000
626000.000000 -110.960000
627000.000000 -114.620000
628000.000000 -111.960000
629000.000000 -109.410000
630000.000000 -108.500000
631000.000000 -105.760000
632000.000000 -103.040000
633000.000000 -102.540000
634000.000000 -105.600000
635000.000000 -109.520000
636000.000000 -111.270000
637000.000000 -105.130000
638000.000000 -101.370000
639000.000000 -99.090000
640000.000000 -93.770000
641000.000000 -92.110000
642000.000000 -89.120000
643000.000000 -85.330000
644000.000000 -82.430000
645000.000000 -82.730000
646000.000000 -86.640000
647000.000000 -88.130000
648000.000000 -86.440000
649000.000000 -80.260000
650000.000000 -79.870000
651000.000000 -82.420000
652000.000000 -85.150000
653000.000000 -84.290000
654000.000000 -78.180000
655000.000000 -77.240000
656000.000000 -82.730000
657000.000000 -85.160000
658000.000000 -83.480000
659000.000000 -78.400000
660000.000000 -75.270000
661000.000000 -77.610000
662000.000000 -79.270000
663000.000000 -80.200000
664000.000000 -79.290000
665000.000000 -75.050000
666000.000000 -72.450000
667000.000000 -69.860000
668000.000000 -66.700000
669000.000000 -62.580000
670000.000000 -61.520000
671000.000000 -61.930000
672000.000000 -65.680000
673000.000000 -67.220000
674000.000000 -62.650000
675000.000000 -56.980000
676000.000000 -53.470000
677000.000000 -50.130000
678000.000000 -45.500000
679000.000000 -42.180000
680000.000000 -38.490000
681000.000000 -34.080000
682000.000000 -28.890000
683000.000000 -24.490000
684000.000000 -21.330000
685000.000000 -17.800000
686000.000000 -12.640000
687000.000000 -9.140000
688000.000000 -11.450000
689000.000000 -13.040000
690000.000000 -15.630000
691000.000000 -15.700000
692000.000000 -13.480000
693000.000000 -12.460000
694000.000000 -12.350000
695000.000000 -10.640000
696000.000000 -9.930000
697000.000000 -11.830000
698000.000000 -15.580000
699000.000000 -19.130000
700000.000000 -21.360000
701000.000000 -23.270000
702000.000000 -26.990000
703000.000000 -30.020000
704000.000000 -31.230000
705000.000000 -31.930000
706000.000000 -36.720000
707000.000000 -48.330000
708000.000000 -57.750000
709000.000000 -56.950000
710000.000000 -58.020000
711000.000000 -64.800000
712000.000000 -68.050000
713000.000000 -71.560000
714000.000000 -80.140000
715000.000000 -82.330000
716000.000000 -83.250000
717000.000000 -82.130000
718000.000000 -86.110000
719000.000000 -90.180000
720000.000000 -88.930000
721000.000000 -82.330000
722000.000000 -76.680000
723000.000000 -70.140000
724000.000000 -66.700000
725000.000000 -65.990000
726000.000000 -63.320000
727000.000000 -52.010000
728000.000000 -44.270000
729000.000000 -43.980000
730000.000000 -44.300000
731000.000000 -43.810000
732000.000000 -41.740000
733000.000000 -40.020000
734000.000000 -42.070000
735000.000000 -49.780000
736000.000000 -50.090000
737000.000000 -48.250000
738000.000000 -47.660000
739000.000000 -52.700000
740000.000000 -56.430000
741000.000000 -58.790000
742000.000000 -61.790000
743000.000000 -64.820000
744000.000000 -67.330000
745000.000000 -69.880000
746000.000000 -71.140000
747000.000000 -73.880000
748000.000000 -73.750000
749000.000000 -74.380000
750000.000000 -74.080000
751000.000000 -68.300000
752000.000000 -65.750000
753000.000000 -65.130000
754000.000000 -63.700000
755000.000000 -61.850000
756000.000000 -59.100000
757000.000000 -58.670000
758000.000000 -57.340000
759000.000000 -53.970000
760000.000000 -50.830000
761000.000000 -49.190000
762000.000000 -47.720000
763000.000000 -41.610000
764000.000000 -39.170000
765000.000000 -39.260000
766000.000000 -36.300000
767000.000000 -32.180000
768000.000000 -27.300000
769000.000000 -23.700000
770000.000000 -20.710000
771000.000000 -16.210000
772000.000000 -12.240000
773000.000000 -8.000000
774000.000000 -6.300000
775000.000000 -8.560000
776000.000000 -9.100000
777000.000000 -12.760000
778000.000000 -13.680000
779000.000000 -14.490000
780000.000000 -13.010000
781000.000000 -15.300000
782000.000000 -20.860000
783000.000000 -23.360000
784000.000000 -22.740000
785000.000000 -26.250000
786000.000000 -31.590000
787000.000000 -41.560000
788000.000000 -54.670000
789000.000000 -67.490000
790000.000000 -79.840000
791000.000000 -86.470000
792000.000000 -87.480000
793000.000000 -86.610000
794000.000000 -88.160000
795000.000000 -93.190000
796000.000000 -95.670000
797000.000000 -93.050000
798000.000000 -92.370000
