0.000000 8.960000
1000.000000 7.720000
2000.000000 5.960000
3000.000000 3.540000
4000.000000 1.880000
5000.000000 0.000000
6000.000000 -2.000000
7000.000000 -5.380000
8000.000000 -7.120000
9000.000000 -11.600000
10000.000000 -23.180000
11000.000000 -36.190000
12000.000000 -49.720000
13000.000000 -64.580000
14000.000000 -75.970000
15000.000000 -86.080000
16000.000000 -98.430000
17000.000000 -108.230000
18000.000000 -113.850000
19000.000000 -117.000000
20000.000000 -116.400000
21000.000000 -118.610000
22000.000000 -125.910000
23000.000000 -128.710000
24000.000000 -130.000000
25000.000000 -124.870000
26000.000000 -119.210000
27000.000000 -114.930000
28000.000000 -112.190000
29000.000000 -107.650000
30000.000000 -102.070000
31000.000000 -99.970000
32000.000000 -96.010000
33000.000000 -93.690000
34000.000000 -93.500000
35000.000000 -97.210000
36000.000000 -97.200000
37000.000000 -93.400000
38000.000000 -91.820000
39000.000000 -88.470000
40000.000000 -83.130000
41000.000000 -78.150000
42000.000000 -74.610000
43000.000000 -73.020000
44000.000000 -72.610000
45000.000000 -71.010000
46000.000000 -70.250000
47000.000000 -71.400000
48000.000000 -72.530000
49000.000000 -70.540000
50000.000000 -66.690000
51000.000000 -65.990000
52000.000000 -68.050000
53000.000000 -69.870000
54000.000000 -71.660000
55000.000000 -74.430000
56000.000000 -78.680000
57000.000000 -81.580000
58000.000000 -81.850000
59000.000000 -76.510000
60000.000000 -77.470000
61000.000000 -78.580000
62000.000000 -79.920000
63000.000000 -79.920000
64000.000000 -77.220000
65000.000000 -78.750000
66000.000000 -80.560000
67000.000000 -80.050000
68000.000000 -68.370000
69000.000000 -64.560000
70000.000000 -60.110000
71000.000000 -50.560000
72000.000000 -43.600000
73000.000000 -38.440000
74000.000000 -33.230000
75000.000000 -27.810000
76000.000000 -26.300000
77000.000000 -26.850000
78000.000000 -27.390000
79000.000000 -32.530000
80000.000000 -32.480000
81000.000000 -32.680000
82000.000000 -31.470000
83000.000000 -24.150000
84000.000000 -27.870000
85000.000000 -29.960000
86000.000000 -33.190000
87000.000000 -36.680000
88000.000000 -41.150000
89000.000000 -40.650000
90000.000000 -38.170000
91000.000000 -35.910000
92000.000000 -39.370000
93000.000000 -41.760000
94000.000000 -41.820000
95000.000000 -34.940000
96000.000000 -25.610000
97000.000000 -20.950000
98000.000000 -19.340000
99000.000000 -16.970000
100000.000000 -17.000000
101000.000000 -16.690000
102000.000000 -28.140000
103000.000000 -31.040000
104000.000000 -32.550000
105000.000000 -35.220000
106000.000000 -38.480000
107000.000000 -41.370000
108000.000000 -42.910000
109000.000000 -45.170000
110000.000000 -45.580000
111000.000000 -47.870000
112000.000000 -44.120000
113000.000000 -39.030000
114000.000000 -33.750000
115000.000000 -29.370000
116000.000000 -24.990000
117000.000000 -17.040000
118000.000000 -9.180000
119000.000000 -4.890000
120000.000000 -0.630000
121000.000000 0.380000
122000.000000 -2.960000
123000.000000 -2.860000
124000.000000 -5.420000
125000.000000 -9.840000
126000.000000 -16.250000
127000.000000 -26.940000
128000.000000 -37.210000
129000.000000 -54.530000
130000.000000 -73.850000
131000.000000 -90.070000
132000.000000 -105.220000
133000.000000 -115.020000
134000.000000 -119.820000
135000.000000 -123.640000
136000.000000 -124.500000
137000.000000 -123.800000
138000.000000 -124.640000
139000.000000 -122.690000
140000.000000 -120.220000
141000.000000 -114.500000
142000.000000 -110.490000
143000.000000 -107.590000
144000.000000 -103.300000
145000.000000 -98.200000
146000.000000 -94.800000
147000.000000 -93.030000
148000.000000 -92.800000
149000.000000 -91.470000
150000.000000 -83.710000
151000.000000 -81.410000
152000.000000 -80.760000
153000.000000 -81.580000
154000.000000 -83.010000
155000.000000 -85.360000
156000.000000 -88.640000
157000.000000 -87.480000
158000.000000 -85.640000
159000.000000 -86.430000
160000.000000 -85.830000
161000.000000 -81.010000
162000.000000 -75.820000
163000.000000 -72.410000
164000.000000 -71.320000
165000.000000 -68.500000
166000.000000 -64.420000
167000.000000 -60.970000
168000.000000 -60.170000
169000.000000 -58.350000
170000.000000 -55.700000
171000.000000 -56.660000
172000.000000 -62.170000
173000.000000 -59.510000
174000.000000 -57.150000
175000.000000 -56.680000
176000.000000 -56.380000
177000.000000 -57.080000
178000.000000 -60.210000
179000.000000 -61.560000
180000.000000 -62.880000
181000.000000 -63.810000
182000.000000 -61.870000
183000.000000 -61.470000
184000.000000 -63.820000
185000.000000 -66.140000
186000.000000 -63.100000
187000.000000 -58.350000
188000.000000 -54.360000
189000.000000 -49.670000
190000.000000 -47.830000
191000.000000 -43.670000
192000.000000 -38.930000
193000.000000 -34.320000
194000.000000 -31.730000
195000.000000 -27.930000
196000.000000 -22.540000
197000.000000 -16.510000
198000.000000 -10.220000
199000.000000 -8.160000
200000.000000 -10.010000
201000.000000 -14.600000
202000.000000 -19.640000
203000.000000 -23.230000
204000.000000 -21.010000
205000.000000 -10.720000
206000.000000 -5.440000
207000.000000 -8.140000
208000.000000 -8.330000
209000.000000 -9.220000
210000.000000 -7.950000
211000.000000 -4.980000
212000.000000 -3.690000
213000.000000 -4.400000
214000.000000 -5.980000
215000.000000 -6.500000
216000.000000 -10.740000
217000.000000 -21.540000
218000.000000 -29.580000
219000.000000 -39.160000
220000.000000 -49.600000
221000.000000 -57.840000
222000.000000 -67.090000
223000.000000 -69.510000
224000.000000 -68.740000
225000.000000 -69.260000
226000.000000 -66.500000
227000.000000 -65.160000
228000.000000 -65.570000
229000.000000 -62.940000
230000.000000 -57.470000
231000.000000 -49.890000
232000.000000 -39.440000
233000.000000 -31.300000
234000.000000 -27.810000
235000.000000 -22.900000
236000.000000 -15.910000
237000.000000 -12.930000
238000.000000 -16.930000
239000.000000 -21.860000
240000.000000 -26.820000
241000.000000 -35.260000
242000.000000 -45.720000
243000.000000 -51.200000
244000.000000 -56.730000
245000.000000 -47.880000
246000.000000 -71.870000
247000.000000 -80.640000
248000.000000 -84.390000
249000.000000 -87.150000
250000.000000 -90.080000
251000.000000 -90.510000
252000.000000 -90.180000
253000.000000 -90.120000
254000.000000 -87.600000
255000.000000 -80.550000
256000.000000 -85.900000
257000.000000 -90.550000
258000.000000 -92.350000
259000.000000 -86.910000
260000.000000 -76.070000
261000.000000 -72.520000
262000.000000 -72.100000
263000.000000 -73.520000
264000.000000 -80.850000
265000.000000 -81.290000
266000.000000 -76.740000
267000.000000 -75.430000
268000.000000 -88.100000
269000.000000 -92.090000
270000.000000 -93.270000
271000.000000 -84.890000
272000.000000 -77.940000
273000.000000 -74.200000
274000.000000 -70.830000
275000.000000 -61.010000
276000.000000 -54.320000
277000.000000 -50.860000
278000.000000 -48.230000
279000.000000 -45.620000
280000.000000 -42.440000
281000.000000 -39.030000
282000.000000 -38.630000
283000.000000 -39.260000
284000.000000 -39.350000
285000.000000 -40.030000
286000.000000 -43.000000
287000.000000 -45.500000
288000.000000 -48.560000
289000.000000 -54.860000
290000.000000 -58.270000
291000.000000 -58.290000
292000.000000 -53.800000
293000.000000 -50.770000
294000.000000 -49.260000
295000.000000 -48.220000
296000.000000 -43.510000
297000.000000 -44.770000
298000.000000 -44.880000
299000.000000 -42.380000
300000.000000 -40.160000
301000.000000 -38.640000
302000.000000 -36.200000
303000.000000 -33.000000
304000.000000 -36.190000
305000.000000 -38.960000
306000.000000 -35.290000
307000.000000 -31.220000
308000.000000 -31.050000
309000.000000 -27.330000
310000.000000 -22.670000
311000.000000 -20.870000
312000.000000 -19.670000
313000.000000 -16.660000
314000.000000 -9.950000
315000.000000 -7.030000
316000.000000 -7.300000
317000.000000 -6.470000
318000.000000 -7.020000
319000.000000 -8.250000
320000.000000 -6.170000
321000.000000 -5.290000
322000.000000 -2.380000
323000.000000 -0.590000
324000.000000 -4.090000
325000.000000 -11.390000
326000.000000 -11.590000
327000.000000 -5.540000
328000.000000 -1.950000
329000.000000 -1.780000
330000.000000 -9.320000
331000.000000 -25.220000
332000.000000 -37.730000
333000.000000 -41.340000
334000.000000 -44.910000
335000.000000 -54.110000
336000.000000 -72.670000
337000.000000 -86.270000
338000.000000 -88.480000
339000.000000 -89.680000
340000.000000 -91.340000
341000.000000 -99.060000
342000.000000 -102.830000
343000.000000 -99.930000
344000.000000 -99.950000
345000.000000 -99.990000
346000.000000 -97.260000
347000.000000 -95.410000
348000.000000 -95.790000
349000.000000 -95.190000
350000.000000 -93.870000
351000.000000 -87.030000
352000.000000 -83.300000
353000.000000 -83.380000
354000.000000 -86.100000
355000.000000 -90.320000
356000.000000 -92.820000
357000.000000 -92.400000
358000.000000 -92.140000
359000.000000 -89.060000
360000.000000 -85.530000
361000.000000 -78.350000
362000.000000 -69.370000
363000.000000 -63.030000
364000.000000 -63.890000
365000.000000 -64.070000
366000.000000 -54.840000
367000.000000 -48.230000
368000.000000 -45.470000
369000.000000 -44.130000
370000.000000 -44.260000
371000.000000 -45.090000
372000.000000 -45.150000
373000.000000 -47.150000
374000.000000 -48.950000
375000.000000 -50.800000
376000.000000 -51.260000
377000.000000 -52.150000
378000.000000 -51.200000
379000.000000 -37.020000
380000.000000 -23.080000
381000.000000 -19.110000
382000.000000 -22.540000
383000.000000 -21.710000
384000.000000 -21.710000
385000.000000 -20.540000
386000.000000 -18.500000
387000.000000 -15.470000
388000.000000 -18.800000
389000.000000 -27.180000
390000.000000 -28.920000
391000.000000 -23.330000
392000.000000 -18.280000
393000.000000 -10.190000
394000.000000 -4.180000
395000.000000 -3.310000
396000.000000 -3.480000
397000.000000 -1.810000
398000.000000 4.900000
399000.000000 12.470000
400000.000000 18.540000
401000.000000 17.750000
402000.000000 16.300000
403000.000000 17.860000
404000.000000 19.020000
405000.000000 16.070000
406000.000000 13.250000
407000.000000 12.610000
408000.000000 10.540000
409000.000000 5.670000
410000.000000 -4.340000
411000.000000 -11.410000
412000.000000 -13.320000
413000.000000 -14.630000
414000.000000 -19.340000
415000.000000 -27.130000
416000.000000 -34.820000
417000.000000 -36.400000
418000.000000 -50.540000
419000.000000 -53.850000
420000.000000 -61.180000
421000.000000 -68.480000
422000.000000 -75.220000
423000.000000 -81.070000
424000.000000 -85.930000
425000.000000 -97.740000
426000.000000 -114.910000
427000.000000 -122.930000
428000.000000 -123.820000
429000.000000 -124.400000
430000.000000 -119.990000
431000.000000 -119.410000
432000.000000 -120.060000
433000.000000 -121.150000
434000.000000 -119.520000
435000.000000 -115.070000
436000.000000 -113.910000
437000.000000 -113.260000
438000.000000 -110.740000
439000.000000 -105.380000
440000.000000 -99.910000
441000.000000 -98.540000
442000.000000 -100.550000
443000.000000 -101.780000
444000.000000 -99.690000
445000.000000 -96.280000
446000.000000 -95.520000
447000.000000 -95.020000
448000.000000 -96.950000
449000.000000 -98.280000
450000.000000 -97.770000
451000.000000 -97.820000
452000.000000 -96.210000
453000.000000 -94.590000
454000.000000 -92.940000
455000.000000 -90.900000
456000.000000 -89.860000
457000.000000 -88.330000
458000.000000 -85.940000
459000.000000 -81.840000
460000.000000 -81.430000
461000.000000 -79.680000
462000.000000 -78.290000
463000.000000 -75.460000
464000.000000 -73.880000
465000.000000 -74.830000
466000.000000 -71.390000
467000.000000 -62.890000
468000.000000 -52.000000
469000.000000 -51.210000
470000.000000 -51.750000
471000.000000 -49.630000
472000.000000 -41.580000
473000.000000 -36.840000
474000.000000 -34.500000
475000.000000 -32.090000
476000.000000 -29.840000
477000.000000 -27.610000
478000.000000 -28.340000
479000.000000 -31.410000
480000.000000 -32.770000
481000.000000 -32.410000
482000.000000 -30.530000
483000.000000 -28.200000
484000.000000 -24.910000
485000.000000 -21.120000
486000.000000 -17.440000
487000.000000 -17.620000
488000.000000 -17.200000
489000.000000 -18.070000
490000.000000 -15.290000
491000.000000 -12.740000
492000.000000 -10.850000
493000.000000 -12.440000
494000.000000 -14.590000
495000.000000 -17.710000
496000.000000 -18.440000
497000.000000 -15.390000
498000.000000 -14.050000
499000.000000 -17.990000
500000.000000 -22.560000
501000.000000 -23.330000
502000.000000 -24.040000
503000.000000 -27.370000
504000.000000 -30.580000
505000.000000 -33.440000
506000.000000 -36.110000
507000.000000 -42.610000
508000.000000 -47.620000
509000.000000 -55.320000
510000.000000 -55.450000
511000.000000 -53.400000
512000.000000 -52.810000
513000.000000 -53.280000
514000.000000 -51.500000
515000.000000 -50.330000
516000.000000 -47.550000
517000.000000 -44.780000
518000.000000 -45.350000
519000.000000 -46.680000
520000.000000 -45.100000
521000.000000 -44.990000
522000.000000 -46.820000
523000.000000 -49.700000
524000.000000 -50.480000
525000.000000 -49.960000
526000.000000 -49.680000
527000.000000 -48.460000
528000.000000 -48.500000
529000.000000 -50.660000
530000.000000 -52.100000
531000.000000 -53.670000
532000.000000 -53.710000
533000.000000 -53.010000
534000.000000 -56.160000
535000.000000 -61.140000
536000.000000 -64.070000
537000.000000 -67.390000
538000.000000 -64.180000
539000.000000 -59.910000
540000.000000 -58.990000
541000.000000 -55.160000
542000.000000 -51.730000
543000.000000 -53.720000
544000.000000 -53.890000
545000.000000 -53.730000
546000.000000 -55.030000
547000.000000 -57.350000
548000.000000 -59.460000
549000.000000 -62.110000
550000.000000 -62.750000
551000.000000 -60.010000
552000.000000 -58.300000
553000.000000 -59.760000
554000.000000 -61.100000
555000.000000 -58.370000
556000.000000 -52.380000
557000.000000 -46.510000
558000.000000 -40.410000
559000.000000 -37.880000
560000.000000 -36.070000
561000.000000 -35.390000
562000.000000 -34.820000
563000.000000 -33.390000
564000.000000 -30.120000
565000.000000 -26.730000
566000.000000 -19.580000
567000.000000 -13.900000
568000.000000 -13.270000
569000.000000 -11.650000
570000.000000 -9.060000
571000.000000 -8.180000
572000.000000 -6.660000
573000.000000 -8.420000
574000.000000 -8.880000
575000.000000 -12.100000
576000.000000 -12.360000
577000.000000 -11.710000
578000.000000 -13.910000
579000.000000 -23.450000
580000.000000 -32.030000
581000.000000 -38.350000
582000.000000 -44.030000
583000.000000 -50.080000
584000.000000 -53.330000
585000.000000 -54.400000
586000.000000 -49.950000
587000.000000 -47.150000
588000.000000 -45.530000
589000.000000 -39.100000
590000.000000 -33.200000
591000.000000 -30.100000
592000.000000 -28.970000
593000.000000 -30.380000
594000.000000 -29.810000
595000.000000 -26.350000
596000.000000 -23.460000
597000.000000 -24.040000
598000.000000 -27.530000
599000.000000 -33.050000
600000.000000 -41.350000
601000.000000 -41.230000
602000.000000 -39.410000
603000.000000 -37.950000
604000.000000 -33.990000
605000.000000 -24.090000
606000.000000 -16.310000
607000.000000 -14.290000
608000.000000 -15.190000
609000.000000 -17.770000
610000.000000 -17.660000
611000.000000 -18.600000
612000.000000 -18.190000
613000.000000 -12.570000
614000.000000 -9.020000
615000.000000 -11.310000
616000.000000 -16.780000
617000.000000 -29.380000
618000.000000 -43.340000
619000.000000 -65.340000
620000.000000 -78.360000
621000.000000 -86.360000
622000.000000 -93.000000
623000.000000 -100.280000
624000.000000 -103.580000
625000.000000 -105.540000
626000.000000 -110.960000
627000.000000 -114.620000
628000.000000 -111.960000
629000.000000 -109.410000
630000.000000 -108.500000
631000.000000 -105.760000
632000.000000 -103.040000
633000.000000 -102.540000
634000.000000 -105.600000
635000.000000 -109.520000
636000.000000 -111.270000
637000.000000 -105.130000
638000.000000 -101.370000
639000.000000 -99.090000
640000.000000 -93.770000
641000.000000 -92.110000
642000.000000 -89.120000
643000.000000 -85.330000
644000.000000 -82.430000
645000.000000 -82.730000
646000.000000 -86.640000
647000.000000 -88.130000
648000.000000 -86.440000
649000.000000 -80.260000
650000.000000 -79.870000
651000.000000 -82.420000
652000.000000 -85.150000
653000.000000 -84.290000
654000.000000 -78.180000
655000.000000 -77.240000
656000.000000 -82.730000
657000.000000 -85.160000
658000.000000 -83.480000
659000.000000 -78.400000
660000.000000 -75.270000
661000.000000 -77.610000
662000.000000 -79.270000
663000.000000 -80.200000
664000.000000 -79.290000
665000.000000 -75.050000
666000.000000 -72.450000
667000.000000 -69.860000
668000.000000 -66.700000
669000.000000 -62.580000
670000.000000 -61.520000
671000.000000 -61.930000
672000.000000 -65.680000
673000.000000 -67.220000
674000.000000 -62.650000
675000.000000 -56.980000
676000.000000 -53.470000
677000.000000 -50.130000
678000.000000 -45.500000
679000.000000 -42.180000
680000.000000 -38.490000
681000.000000 -34.080000
682000.000000 -28.890000
683000.000000 -24.490000
684000.000000 -21.330000
685000.000000 -17.800000
686000.000000 -12.640000
687000.000000 -9.140000
688000.000000 -11.450000
689000.000000 -13.040000
690000.000000 -15.630000
691000.000000 -15.700000
692000.000000 -13.480000
693000.000000 -12.460000
694000.000000 -12.350000
695000.000000 -10.640000
696000.000000 -9.930000
697000.000000 -11.830000
698000.000000 -15.580000
699000.000000 -19.130000
700000.000000 -21.360000
701000.000000 -23.270000
702000.000000 -26.990000
703000.000000 -30.020000
704000.000000 -31.230000
705000.000000 -31.930000
706000.000000 -36.720000
707000.000000 -48.330000
708000.000000 -57.750000
709000.000000 -56.950000
710000.000000 -58.020000
711000.000000 -64.800000
712000.000000 -68.050000
713000.000000 -71.560000
714000.000000 -80.140000
715000.000000 -82.330000
716000.000000 -83.250000
717000.000000 -82.130000
718000.000000 -86.110000
719000.000000 -90.180000
720000.000000 -88.930000
721000.000000 -82.330000
722000.000000 -76.680000
723000.000000 -70.140000
724000.000000 -66.700000
725000.000000 -65.990000
726000.000000 -63.320000
727000.000000 -52.010000
728000.000000 -44.270000
729000.000000 -43.980000
730000.000000 -44.300000
731000.000000 -43.810000
732000.000000 -41.740000
733000.000000 -40.020000
734000.000000 -42.070000
735000.000000 -49.780000
736000.000000 -50.090000
737000.000000 -48.250000
738000.000000 -47.660000
739000.000000 -52.700000
740000.000000 -56.430000
741000.000000 -58.790000
742000.000000 -61.790000
743000.000000 -64.820000
744000.000000 -67.330000
745000.000000 -69.880000
746000.000000 -71.140000
747000.000000 -73.880000
748000.000000 -73.750000
749000.000000 -74.380000
750000.000000 -74.080000
751000.000000 -68.300000
752000.000000 -65.750000
753000.000000 -65.130000
754000.000000 -63.700000
755000.000000 -61.850000
756000.000000 -59.100000
757000.000000 -58.670000
758000.000000 -57.340000
759000.000000 -53.970000
760000.000000 -50.830000
761000.000000 -49.190000
762000.000000 -47.720000
763000.000000 -41.610000
764000.000000 -39.170000
765000.000000 -39.260000
766000.000000 -36.300000
767000.000000 -32.180000
768000.000000 -27.300000
769000.000000 -23.700000
770000.000000 -20.710000
771000.000000 -16.210000
772000.000000 -12.240000
773000.000000 -8.000000
774000.000000 -6.300000
775000.000000 -8.560000
776000.000000 -9.100000
777000.000000 -12.760000
778000.000000 -13.680000
779000.000000 -14.490000
780000.000000 -13.010000
781000.000000 -15.300000
782000.000000 -20.860000
783000.000000 -23.360000
784000.000000 -22.740000
785000.000000 -26.250000
786000.000000 -31.590000
787000.000000 -41.560000
788000.000000 -54.670000
789000.000000 -67.490000
790000.000000 -79.840000
791000.000000 -86.470000
792000.000000 -87.480000
793000.000000 -86.610000
794000.000000 -88.160000
795000.000000 -93.190000
796000.000000 -95.670000
797000.000000 -93.050000
798000.000000 -92.370000
