0.000000 8.490000
1000.000000 7.630000
2000.000000 4.010000
3000.000000 4.350000
4000.000000 3.130000
5000.000000 0.000000
6000.000000 -4.010000
7000.000000 -6.110000
8000.000000 -9.090000
9000.000000 -15.830000
10000.000000 -24.590000
11000.000000 -35.850000
12000.000000 -51.050000
13000.000000 -66.300000
14000.000000 -76.640000
15000.000000 -86.570000
16000.000000 -98.060000
17000.000000 -107.300000
18000.000000 -113.010000
19000.000000 -116.680000
20000.000000 -117.560000
21000.000000 -120.010000
22000.000000 -125.820000
23000.000000 -128.720000
24000.000000 -130.000000
25000.000000 -126.890000
26000.000000 -122.400000
27000.000000 -118.280000
28000.000000 -115.190000
29000.000000 -110.870000
30000.000000 -105.780000
31000.000000 -103.500000
32000.000000 -100.630000
33000.000000 -97.480000
34000.000000 -97.370000
35000.000000 -98.830000
36000.000000 -99.390000
37000.000000 -95.270000
38000.000000 -93.100000
39000.000000 -90.300000
40000.000000 -85.900000
41000.000000 -79.760000
42000.000000 -75.760000
43000.000000 -73.910000
44000.000000 -76.180000
45000.000000 -74.490000
46000.000000 -75.780000
47000.000000 -73.700000
48000.000000 -76.710000
49000.000000 -73.750000
50000.000000 -68.300000
51000.000000 -63.110000
52000.000000 -67.880000
53000.000000 -68.850000
54000.000000 -70.050000
55000.000000 -72.260000
56000.000000 -78.030000
57000.000000 -82.740000
58000.000000 -85.710000
59000.000000 -82.940000
60000.000000 -84.730000
61000.000000 -86.560000
62000.000000 -84.320000
63000.000000 -84.750000
64000.000000 -83.480000
65000.000000 -82.720000
66000.000000 -82.470000
67000.000000 -79.370000
68000.000000 -71.060000
69000.000000 -68.110000
70000.000000 -65.390000
71000.000000 -51.430000
72000.000000 -46.710000
73000.000000 -43.840000
74000.000000 -36.180000
75000.000000 -33.060000
76000.000000 -31.580000
77000.000000 -27.690000
78000.000000 -28.800000
79000.000000 -32.950000
80000.000000 -30.850000
81000.000000 -31.360000
82000.000000 -29.640000
83000.000000 -25.570000
84000.000000 -30.660000
85000.000000 -29.990000
86000.000000 -38.770000
87000.000000 -43.090000
88000.000000 -46.600000
89000.000000 -43.440000
90000.000000 -43.630000
91000.000000 -40.300000
92000.000000 -41.670000
93000.000000 -42.160000
94000.000000 -40.520000
95000.000000 -34.240000
96000.000000 -27.740000
97000.000000 -22.190000
98000.000000 -21.190000
99000.000000 -17.260000
100000.000000 -19.490000
101000.000000 -17.720000
102000.000000 -25.030000
103000.000000 -29.470000
104000.000000 -31.710000
105000.000000 -34.360000
106000.000000 -40.330000
107000.000000 -45.010000
108000.000000 -44.480000
109000.000000 -45.950000
110000.000000 -46.360000
111000.000000 -47.080000
112000.000000 -43.180000
113000.000000 -38.930000
114000.000000 -33.840000
115000.000000 -26.170000
116000.000000 -22.500000
117000.000000 -14.090000
118000.000000 -7.560000
119000.000000 -4.000000
120000.000000 2.680000
121000.000000 3.130000
122000.000000 2.270000
123000.000000 1.200000
124000.000000 -1.180000
125000.000000 -6.650000
126000.000000 -12.720000
127000.000000 -27.100000
128000.000000 -36.130000
129000.000000 -52.950000
130000.000000 -73.720000
131000.000000 -82.930000
132000.000000 -102.140000
133000.000000 -114.380000
134000.000000 -120.260000
135000.000000 -123.760000
136000.000000 -123.950000
137000.000000 -123.610000
138000.000000 -122.720000
139000.000000 -120.940000
140000.000000 -118.880000
141000.000000 -113.450000
142000.000000 -110.780000
143000.000000 -106.750000
144000.000000 -102.400000
145000.000000 -100.340000
146000.000000 -100.710000
147000.000000 -99.520000
148000.000000 -99.180000
149000.000000 -96.940000
150000.000000 -90.790000
151000.000000 -86.920000
152000.000000 -85.900000
153000.000000 -85.220000
154000.000000 -86.910000
155000.000000 -89.710000
156000.000000 -92.510000
157000.000000 -92.670000
158000.000000 -88.910000
159000.000000 -87.940000
160000.000000 -86.950000
161000.000000 -85.290000
162000.000000 -78.740000
163000.000000 -77.080000
164000.000000 -74.420000
165000.000000 -71.660000
166000.000000 -65.290000
167000.000000 -61.690000
168000.000000 -61.520000
169000.000000 -58.160000
170000.000000 -55.340000
171000.000000 -57.680000
172000.000000 -64.450000
173000.000000 -63.150000
174000.000000 -62.140000
175000.000000 -61.420000
176000.000000 -63.680000
177000.000000 -62.610000
178000.000000 -66.030000
179000.000000 -68.550000
180000.000000 -68.120000
181000.000000 -68.540000
182000.000000 -68.590000
183000.000000 -68.860000
184000.000000 -70.310000
185000.000000 -71.500000
186000.000000 -67.510000
187000.000000 -64.130000
188000.000000 -58.980000
189000.000000 -55.740000
190000.000000 -50.970000
191000.000000 -44.910000
192000.000000 -37.300000
193000.000000 -32.830000
194000.000000 -32.430000
195000.000000 -26.140000
196000.000000 -21.700000
197000.000000 -13.480000
198000.000000 -10.090000
199000.000000 -7.720000
200000.000000 -11.240000
201000.000000 -19.540000
202000.000000 -21.500000
203000.000000 -26.540000
204000.000000 -23.730000
205000.000000 -14.390000
206000.000000 -9.840000
207000.000000 -14.100000
208000.000000 -10.130000
209000.000000 -10.600000
210000.000000 -11.470000
211000.000000 -9.450000
212000.000000 -7.380000
213000.000000 -6.780000
214000.000000 -7.050000
215000.000000 -9.180000
216000.000000 -13.100000
217000.000000 -23.510000
218000.000000 -29.260000
219000.000000 -36.810000
220000.000000 -49.330000
221000.000000 -61.750000
222000.000000 -67.030000
223000.000000 -73.680000
224000.000000 -72.150000
225000.000000 -74.350000
226000.000000 -70.680000
227000.000000 -66.880000
228000.000000 -65.450000
229000.000000 -65.060000
230000.000000 -59.110000
231000.000000 -51.450000
232000.000000 -41.760000
233000.000000 -31.590000
234000.000000 -26.470000
235000.000000 -21.380000
236000.000000 -15.030000
237000.000000 -9.440000
238000.000000 -14.820000
239000.000000 -21.090000
240000.000000 -26.310000
241000.000000 -35.140000
242000.000000 -44.900000
243000.000000 -53.720000
244000.000000 -58.160000
245000.000000 -54.470000
246000.000000 -73.100000
247000.000000 -80.670000
248000.000000 -86.710000
249000.000000 -88.300000
250000.000000 -91.780000
251000.000000 -94.310000
252000.000000 -94.500000
253000.000000 -95.650000
254000.000000 -91.970000
255000.000000 -86.900000
256000.000000 -90.300000
257000.000000 -93.530000
258000.000000 -93.710000
259000.000000 -89.890000
260000.000000 -81.060000
261000.000000 -78.300000
262000.000000 -77.680000
263000.000000 -77.500000
264000.000000 -85.380000
265000.000000 -84.540000
266000.000000 -82.090000
267000.000000 -82.770000
268000.000000 -93.080000
269000.000000 -97.200000
270000.000000 -98.210000
271000.000000 -89.950000
272000.000000 -80.220000
273000.000000 -76.120000
274000.000000 -74.380000
275000.000000 -67.560000
276000.000000 -61.850000
277000.000000 -56.750000
278000.000000 -53.520000
279000.000000 -50.130000
280000.000000 -46.060000
281000.000000 -39.890000
282000.000000 -37.940000
283000.000000 -36.690000
284000.000000 -35.060000
285000.000000 -35.220000
286000.000000 -36.570000
287000.000000 -37.850000
288000.000000 -42.690000
289000.000000 -51.850000
290000.000000 -56.690000
291000.000000 -58.530000
292000.000000 -56.550000
293000.000000 -54.880000
294000.000000 -53.230000
295000.000000 -52.400000
296000.000000 -48.950000
297000.000000 -48.350000
298000.000000 -47.600000
299000.000000 -45.330000
300000.000000 -42.880000
301000.000000 -39.590000
302000.000000 -38.010000
303000.000000 -33.060000
304000.000000 -35.350000
305000.000000 -39.420000
306000.000000 -35.780000
307000.000000 -30.550000
308000.000000 -31.070000
309000.000000 -27.900000
310000.000000 -24.100000
311000.000000 -22.220000
312000.000000 -21.880000
313000.000000 -18.420000
314000.000000 -12.390000
315000.000000 -12.120000
316000.000000 -9.850000
317000.000000 -10.450000
318000.000000 -10.880000
319000.000000 -11.310000
320000.000000 -8.440000
321000.000000 -6.920000
322000.000000 -2.510000
323000.000000 -0.710000
324000.000000 -2.600000
325000.000000 -7.770000
326000.000000 -7.750000
327000.000000 -3.060000
328000.000000 -0.610000
329000.000000 -1.750000
330000.000000 -6.910000
331000.000000 -16.420000
332000.000000 -34.020000
333000.000000 -36.930000
334000.000000 -48.060000
335000.000000 -58.420000
336000.000000 -74.420000
337000.000000 -85.700000
338000.000000 -91.220000
339000.000000 -93.280000
340000.000000 -96.850000
341000.000000 -103.880000
342000.000000 -108.110000
343000.000000 -108.580000
344000.000000 -108.800000
345000.000000 -109.040000
346000.000000 -105.840000
347000.000000 -103.300000
348000.000000 -102.660000
349000.000000 -101.030000
350000.000000 -97.040000
351000.000000 -89.970000
352000.000000 -85.130000
353000.000000 -84.010000
354000.000000 -86.490000
355000.000000 -91.120000
356000.000000 -94.940000
357000.000000 -92.980000
358000.000000 -91.880000
359000.000000 -88.630000
360000.000000 -84.770000
361000.000000 -78.880000
362000.000000 -71.150000
363000.000000 -66.070000
364000.000000 -66.400000
365000.000000 -65.100000
366000.000000 -57.260000
367000.000000 -50.450000
368000.000000 -49.220000
369000.000000 -48.000000
370000.000000 -49.300000
371000.000000 -49.220000
372000.000000 -46.860000
373000.000000 -48.470000
374000.000000 -47.490000
375000.000000 -50.200000
376000.000000 -48.250000
377000.000000 -50.220000
378000.000000 -49.560000
379000.000000 -37.790000
380000.000000 -26.520000
381000.000000 -24.000000
382000.000000 -28.900000
383000.000000 -27.840000
384000.000000 -27.280000
385000.000000 -25.070000
386000.000000 -22.200000
387000.000000 -19.070000
388000.000000 -21.650000
389000.000000 -26.230000
390000.000000 -28.400000
391000.000000 -23.400000
392000.000000 -17.910000
393000.000000 -9.740000
394000.000000 -6.530000
395000.000000 -4.220000
396000.000000 -3.160000
397000.000000 -1.020000
398000.000000 3.180000
399000.000000 10.240000
400000.000000 14.590000
401000.000000 14.050000
402000.000000 13.010000
403000.000000 14.560000
404000.000000 15.960000
405000.000000 12.860000
406000.000000 11.170000
407000.000000 10.250000
408000.000000 7.790000
409000.000000 5.440000
410000.000000 -3.390000
411000.000000 -7.720000
412000.000000 -11.950000
413000.000000 -12.450000
414000.000000 -17.470000
415000.000000 -25.150000
416000.000000 -31.740000
417000.000000 -35.590000
418000.000000 -46.880000
419000.000000 -51.430000
420000.000000 -58.110000
421000.000000 -63.520000
422000.000000 -66.310000
423000.000000 -77.440000
424000.000000 -78.650000
425000.000000 -95.550000
426000.000000 -109.940000
427000.000000 -116.490000
428000.000000 -118.260000
429000.000000 -120.440000
430000.000000 -119.420000