0.000000 -0.000000
75.244545 1.438269
921.745673 1.419786
1749.435666 1.269693
2595.936795 1.082006
3423.626787 0.894312
4194.883371 0.593794
4853.273138 0.086427
5323.551543 -0.627816
5718.585403 -1.379688
6019.563582 -2.169197
6282.919488 -2.977521
6508.653123 -3.785859
6696.764485 -4.613011
6866.064710 -5.440171
7035.364936 -6.267330
7167.042889 -7.094504
7279.909707 -7.940485
7392.776524 -8.786466
7524.454477 -9.613640
7637.321294 -10.459621
7731.376975 -11.305610
7825.432656 -12.132797
7919.488337 -12.978786
8013.544018 -13.805973
8088.788563 -14.651969
8164.033108 -15.479164
8239.277652 -16.325159
8333.333333 -17.152347
8408.577878 -17.998342
8483.822423 -18.844338
8559.066968 -19.690333
8634.311512 -20.536329
8709.556057 -21.382324
8784.800602 -22.228319
8860.045147 -23.055514
8916.478555 -23.901517
8991.723100 -24.747512
9066.967645 -25.593507
9161.023326 -26.439496
9236.267871 -27.285491
9311.512415 -28.131487
9386.756960 -28.977482
9480.812641 -29.823470
9556.057186 -30.669466
9650.112867 -31.515454
9706.546275 -32.361456
9762.979684 -33.207459
9819.413093 -34.053461
9875.846501 -34.899464
9951.091046 -35.745459
10007.524454 -36.591462
10063.957863 -37.437464
10139.202408 -38.283460
10195.635816 -39.110662
10252.069225 -39.956664
10327.313770 -40.802659
10383.747178 -41.648662
10458.991723 -42.494657
10534.236268 -43.340653
10571.858540 -44.186662
10628.291949 -45.032665
10684.725357 -45.878667
10759.969902 -46.724663
10835.214447 -47.570658
10891.647856 -48.416660
10966.892400 -49.262656
11023.325809 -50.108658
11079.759217 -50.954661
11155.003762 -51.800656
11230.248307 -52.646652
11267.870579 -53.492661
11324.303988 -54.338664
11399.548533 -55.184659
11474.793078 -56.030654
11550.037622 -56.876650
11587.659895 -57.722659
11644.093303 -58.568662
11700.526712 -59.414664
11756.960120 -60.260667
11832.204665 -61.106662
11907.449210 -61.952657
11963.882619 -62.798660
12039.127163 -63.644655
12095.560572 -64.490658
12151.993980 -65.336660
12227.238525 -66.182656
12283.671934 -67.028658
12340.105342 -67.874661
12415.349887 -68.720656
12471.783296 -69.566658
12547.027840 -70.412654
12603.461249 -71.258656
12659.894658 -72.104659
12716.328066 -72.950661
12772.761475 -73.796664
12848.006020 -74.642659
12904.439428 -75.488662
12960.872837 -76.334664
13036.117381 -77.180659
13111.361926 -78.026655
13167.795335 -78.872657
13243.039880 -79.718653
13299.473288 -80.564655
13355.906697 -81.410658
13412.340105 -82.256660
13468.773514 -83.102663
13562.829195 -83.948651
13638.073740 -84.794646
13694.507148 -85.640649
13750.940557 -86.486651
13807.373965 -87.332654
13863.807374 -88.178656
13920.240783 -89.024659
13976.674191 -89.870661
14051.918736 -90.716657
14127.163281 -91.562652
14202.407825 -92.408647
14277.652370 -93.235842
14352.896915 -94.081838
14428.141460 -94.909032
14503.386005 -95.755028
14578.630549 -96.601023
14653.875094 -97.447019
14729.119639 -98.293014
14804.364184 -99.139009
14879.608728 -99.985005
14954.853273 -100.812200
15030.097818 -101.658195
15105.342363 -102.504191
15180.586907 -103.350186
15255.831452 -104.196181
15312.264861 -105.042184
15387.509406 -105.888179
15462.753950 -106.715374
15537.998495 -107.561369
15613.243040 -108.388564
15688.487585 -109.234560
15782.543266 -110.061747
15876.598947 -110.907736
15970.654628 -111.734924
16064.710309 -112.580912
16158.765989 -113.408100
16234.010534 -114.254095
16346.877351 -115.100076
16459.744169 -115.927257
16572.610986 -116.773238
16685.477803 -117.600419
16779.533484 -118.446407
16873.589165 -119.292396
16967.644846 -120.138384
17024.078254 -120.984387
17099.322799 -121.830382
17174.567344 -122.676377
17231.000752 -123.522380
17325.056433 -124.368368
17419.112114 -125.214356
17531.978932 -126.060338
17626.034612 -126.906326
17776.523702 -127.789894
18096.313017 -128.598197
18660.647103 -129.030396
19337.848006 -128.954940
19958.615500 -128.465893
20447.705041 -127.732488
20823.927765 -126.923924
21124.905944 -126.115388
21388.261851 -125.325667
21595.184349 -124.517167
21820.917983 -123.708659
22046.651618 -122.900152
22253.574116 -122.072851
22441.685478 -121.245557
22610.985704 -120.418270
22780.285929 -119.590983
22968.397291 -118.763689
23137.697517 -117.936402
23306.997743 -117.109116
23513.920241 -116.281815
23758.465011 -115.473300
23984.198646 -114.645992
24172.310008 -113.837499
24341.610233 -113.010212
24492.099323 -112.182932
24661.399549 -111.355645
24830.699774 -110.528358
25000.000000 -109.701072
25169.300226 -108.873785
25338.600451 -108.046498
25507.900677 -107.219211
25658.389767 -106.391931
25827.689992 -105.564645
25996.990218 -104.737358
26166.290444 -103.910071
26335.590670 -103.082784
26504.890895 -102.255497
26655.379985 -101.428218
26824.680211 -100.600931
26975.169300 -99.773651
27125.658390 -98.946371
27276.147479 -98.119092
27426.636569 -97.291812
27577.125658 -96.445731
27727.614748 -95.618452
27878.103837 -94.791172
28028.592927 -93.963892
28216.704289 -93.136598
28386.004515 -92.309312
28536.493604 -91.482032
28705.793830 -90.654745
28875.094056 -89.827458
29044.394281 -89.000171
29213.694507 -88.172884
29364.183597 -87.345605
29533.483822 -86.518318
29683.972912 -85.691038
29834.462002 -84.863758
30003.762227 -84.036472
30191.873589 -83.227978
30398.796087 -82.419478
30643.340858 -81.610963
30793.829947 -80.802484
31019.563582 -80.840000
31489.841986 -81.291036
32167.042889 -81.779595
32844.243792 -82.268154
33521.444695 -82.023493
34085.778781 -81.384063
34499.623777 -80.613085
34800.601956 -79.804550
35026.335591 -78.996042
35252.069225 -78.187534
35458.991723 -77.379034
35647.103085 -76.551740
35835.214447 -75.724446
36042.136945 -74.897145
36267.870579 -74.069837
36474.793078 -73.261337
36662.904439 -72.434043
36851.015801 -71.606749
37020.316027 -70.779462
37208.427389 -69.952168
37396.538751 -69.124874
37565.838977 -68.297588
37735.139202 -67.470301
37923.250564 -66.643007
38092.550790 -65.815720
38280.662152 -64.988426
38544.018059 -64.179904
38844.996238 -63.390169
39164.785553 -62.600427
39465.763732 -61.810692
39616.252822 -60.983412
39841.986456 -62.073757
40030.097818 -62.900910
40180.586907 -63.728076
40349.887133 -64.555236
40537.998495 -65.382388
40707.298721 -66.209548
40876.598947 -67.036707
41045.899172 -67.863867
41215.199398 -68.691026
41422.121896 -69.518172
41647.855530 -70.326510
41873.589165 -71.134847
42061.700527 -71.962000
42268.623025 -72.789145
42513.167795 -73.597476
42757.712566 -74.405806
42983.446200 -75.232945
43378.480060 -75.213996
44055.680963 -74.706127
44732.881866 -74.217059
45127.915726 -73.464889
45297.215952 -72.637602
45466.516178 -71.810315
45485.327314 -71.603502
45673.438676 -70.983014
46237.772761 -72.016831
46595.184349 -72.787518
47065.462754 -73.501761
47535.741159 -74.197204
47723.852521 -74.197133
48250.564334 -73.520116
48739.653875 -72.843113
49228.743416 -72.147310
49699.021821 -71.432713
50188.111362 -70.736910
50658.389767 -70.022313
51072.234763 -69.307737
51354.401806 -68.536810
51523.702032 -67.709523
51617.757713 -66.863464
51674.191121 -66.017419
51730.624530 -65.171374
51805.869074 -64.325322
51881.113619 -63.479270
51956.358164 -62.633218
52069.224981 -61.805953
52200.902935 -60.978680
52370.203160 -60.151393
52520.692250 -59.324113
52652.370203 -58.496841
52802.859293 -57.669561
52953.348382 -56.842281
53103.837472 -56.015001
53273.137698 -55.187715
53442.437923 -54.360428
53611.738149 -53.533141
53762.227239 -52.705861
54138.449962 -53.044129
54683.972912 -53.701942
55191.873589 -54.378570
55756.207675 -55.017576
56019.563582 -55.825900
56151.241535 -56.671874
56245.297216 -57.517862
56339.352897 -58.363851
56471.030850 -59.191024
56640.331076 -60.018184
56884.875847 -59.623281
57373.965388 -58.927477
57863.054929 -58.212873
58314.522197 -57.498284
58671.933785 -56.746128
58747.178330 -55.900076
59010.534236 -55.091555
59179.834462 -54.264268
59311.512415 -53.418195
59443.190369 -52.572121
59556.057186 -51.726055
59706.546275 -50.879975
59800.601956 -50.710735
59969.902182 -50.071453
60233.258089 -51.424992
60440.180587 -52.233337
60553.047404 -53.079318
60665.914221 -53.906499
60797.592175 -54.733673
60891.647856 -55.579661
61004.514673 -56.406842
61098.570354 -57.252830
61230.248307 -58.098804
61324.303988 -58.944793
61418.359669 -59.790781
61531.226486 -60.617962
61625.282167 -61.463950
61738.148984 -62.309931
61832.204665 -63.137119
61926.260346 -63.983107
62039.127163 -64.810288
62133.182844 -65.656276
62246.049661 -66.502258
62340.105342 -67.348246
62434.161023 -68.194234
62528.216704 -69.021422
62622.272385 -69.867410
62735.139202 -70.713392
62829.194883 -71.559380
62942.061701 -72.405361
63054.928518 -73.251342
63148.984199 -74.097331
63280.662152 -74.924504
63431.151242 -75.751671
63600.451467 -76.578830
63732.129421 -77.406004
63863.807374 -78.233178
63976.674191 -79.079159
64108.352144 -79.925133
64277.652370 -80.752293
64390.519187 -81.617074
64446.952596 -82.500678
64691.497366 -83.233807
65011.286682 -83.421692
65462.753950 -83.571926
65857.787810 -83.346171
66309.255079 -82.706784
66610.233258 -81.860647
66911.211437 -81.052111
67249.811889 -80.281162
67607.223476 -79.510206
67927.012792 -78.739264
68246.802107 -77.968322
68585.402558 -77.197373
68942.814146 -76.426417
69281.414597 -75.655469
69620.015049 -74.884520
69939.804364 -74.113578
70184.349135 -73.305063
70353.649360 -72.477776
70504.138450 -71.650497
70673.438676 -70.823210
70823.927765 -69.995930
70955.605719 -69.168657
71068.472536 -68.322591
71200.150489 -67.495319
71350.639579 -66.668039
71519.939804 -65.840752
71708.051166 -65.013458
71783.295711 -63.340183
71839.729120 -64.186185
72065.462754 -62.550455
72253.574116 -61.723161
72385.252069 -60.895888
72479.307750 -60.049829
72592.174567 -59.203763
72686.230248 -58.357704
72761.474793 -57.511652
72855.530474 -56.684393
72968.397291 -55.838327
73081.264108 -55.011062
73175.319789 -54.165003
73269.375470 -53.318944
73363.431151 -52.491685
73457.486832 -51.645626
73551.542513 -50.818368
73626.787058 -49.972316
73739.653875 -49.126249
73852.520692 -48.280183
73946.576373 -47.434124
74040.632054 -46.606866
74134.687735 -45.760807
74247.554552 -44.933541
74379.232506 -44.087468
74510.910459 -43.260195
74661.399549 -42.432915
74811.888638 -41.605636
74962.377728 -40.778356
75131.677953 -39.951069
75300.978179 -39.123782
75470.278405 -38.296495
75639.578631 -37.469209
75808.878856 -36.641922
75978.179082 -35.814635
76128.668172 -34.987355
76297.968397 -34.160068
76467.268623 -33.332782
76636.568849 -32.505495
76805.869074 -31.678208
76975.169300 -30.850921
77144.469526 -30.023634
77313.769752 -29.196348
77483.069977 -28.369061
77652.370203 -27.541774
77802.859293 -26.714494
77972.159518 -25.887207
78141.459744 -25.059920
78310.759970 -24.232634
78480.060196 -23.405347
78630.549285 -22.578067
78781.038375 -21.731987
79044.394281 -20.942266
79495.861550 -20.265277
80079.006772 -19.663441
80643.340858 -19.042811
80963.130173 -18.610279
81245.297216 -19.418595
81527.464259 -20.226912
81809.631302 -21.016428
82072.987208 -21.824752
82336.343115 -22.633075
82580.887886 -23.441406
82768.999248 -24.268558
82938.299473 -25.095718
83088.788563 -25.922884
83258.088789 -26.750044
83427.389014 -27.577203
83596.689240 -28.404363
83784.800602 -29.231515
83954.100828 -30.058675
84085.778781 -30.885849
84236.267871 -31.713015
84405.568096 -32.540175
84593.679458 -33.367327
84781.790820 -34.194479
84951.091046 -35.021639
85120.391272 -35.848798
85270.880361 -36.675965
85402.558315 -37.521939
85553.047404 -38.349106
85684.725357 -39.195080
85778.781038 -40.041068
85910.458992 -40.868242
86060.948081 -41.695409
86192.626035 -42.522582
86286.681716 -43.368571
86437.170805 -44.195737
86587.659895 -45.022904
86662.904439 -45.906500
86775.771257 -46.808883
87095.560572 -47.485582
87697.516930 -47.692161
88431.151242 -47.485079
89258.841234 -47.108758
90030.097818 -46.676056
90575.620767 -46.130635
90876.598947 -45.416102
91045.899172 -44.588815
91177.577126 -43.742742
91328.066215 -42.915462
91459.744169 -42.069389
91591.422122 -41.242116
91723.100075 -40.414844
91854.778029 -39.587571
92024.078254 -38.760284
92212.189616 -37.932990
92400.300978 -37.105696
92588.412340 -36.278403
92776.523702 -35.451109
92964.635064 -34.623815
93171.557562 -33.796514
93359.668924 -32.969220
93547.780286 -32.141926
93735.891648 -31.314632
93905.191874 -30.487345
93999.247555 -29.641286
94074.492099 -28.776434
94300.225734 -27.986727
94789.315275 -27.366125
95485.327314 -26.914651
96256.583898 -26.538351
96952.595937 -26.086876
97460.496614 -25.466268
97780.285929 -24.695326
97987.208427 -23.849225
98194.130926 -23.021924
98419.864560 -22.213416
98589.164786 -21.348528
98777.276147 -20.483633
99115.876599 -19.750285
99793.077502 -19.430422
100489.089541 -19.636966
100884.123401 -20.313636
101166.290444 -21.140753
101429.646351 -21.986678
101711.813394 -22.794995
102012.791573 -23.584504
102294.958615 -24.374020
102577.125658 -25.182336
102859.292701 -25.971852
103141.459744 -26.761368
103423.626787 -27.569685
103705.793830 -28.359201
103987.960873 -29.148717
104270.127916 -29.957033
104571.106095 -30.746542
104834.462002 -31.554866
105097.817908 -32.363189
105361.173815 -33.171513
105624.529722 -33.998637
105869.074492 -34.806968
106132.430399 -35.615291
106395.786305 -36.423615
106640.331076 -37.231946
106884.875847 -38.040276
107148.231753 -38.848600
107411.587660 -39.638123
107674.943567 -40.446447
107919.488337 -41.254777
108164.033108 -42.063108
108446.200150 -42.852624
108634.311512 -43.435370
108784.800602 -43.623318
109217.456734 -42.833534
109650.112867 -42.100150
110026.335591 -41.347988
110364.936042 -40.595839
110628.291949 -39.787318
110778.781038 -38.960038
110891.647856 -38.113972
111004.514673 -37.267906
111136.192626 -36.440633
111305.492852 -35.613346
111474.793078 -34.786059
111625.282167 -33.958780
111756.960120 -33.112707
111851.015801 -32.266647
111982.693755 -31.439375
112151.993980 -30.612088
112302.483070 -29.784808
112452.972160 -28.957528
112565.838977 -28.111462
112697.516930 -27.265389
112848.006020 -26.438109
113017.306245 -25.610823
113167.795335 -24.783543
113280.662152 -23.937477
113412.340105 -23.110204
113544.018059 -22.264131
113694.507148 -21.436851
113844.996238 -20.609571
113976.674191 -19.763498
114089.541008 -18.917432
114221.218962 -18.071359
114371.708051 -17.244079
114541.008277 -16.416792
114691.497366 -15.589513
114823.175320 -14.762240
114936.042137 -13.916174
115086.531226 -13.070093
115293.453725 -12.261593
115500.376223 -11.453093
115707.298721 -10.644592
115914.221219 -9.817291
116139.954853 -8.989983
116365.688488 -8.181476
116572.610986 -7.354175
116760.722348 -6.526881
116967.644846 -5.699580
117174.567344 -4.872279
117400.300978 -4.063771
117720.090293 -3.292829
118133.935290 -2.559453
118585.402558 -1.844864
119018.058691 -1.111480
119469.525959 -0.378090
119920.993228 0.336500
120353.649360 1.051082
120767.494357 1.784459
121237.772761 2.480255
121839.729120 3.044497
122554.552295 3.514779
123306.997743 3.966274
124078.254327 4.323774
124868.322047 4.436875
125677.200903 4.267974
126467.268623 3.911061
127106.847254 3.384887
127483.069977 2.689409
127671.181339 1.862257
127802.859293 1.016282
127934.537246 0.170308
128085.026336 -0.656858
128197.893153 -1.502840
128310.759970 -2.348821
128442.437923 -3.194795
128536.493604 -4.040783
128630.549285 -4.886772
128724.604966 -5.732760
128818.660647 -6.578748
128912.716328 -7.405936
129006.772009 -8.251925
129100.827690 -9.097913
129194.883371 -9.943901
129288.939052 -10.789889
129382.994733 -11.635878
129477.050414 -12.481866
129571.106095 -13.327854
129665.161776 -14.173843
129759.217457 -15.001031
129834.462002 -15.847026
129890.895410 -16.693028
129928.517682 -17.539038
129947.328819 -18.385055
129966.139955 -19.231071
130022.573363 -20.077074
130079.006772 -20.923076
130097.817908 -21.769093
130116.629044 -22.615109
130154.251317 -23.461119
130229.495862 -24.307114
130267.118134 -25.153124
130285.929270 -26.845164
130342.362679 -27.691167
130398.796087 -28.537169
130436.418360 -29.383179
130455.229496 -30.229195
130492.851768 -31.075205
130568.096313 -31.921200
130605.718585 -32.767210
130624.529722 -33.613226
130643.340858 -34.459243
130680.963130 -35.305253
130737.396539 -36.151255
130775.018811 -36.997265
130793.829947 -37.843281
130831.452220 -38.689291
130887.885628 -39.535293
130944.319037 -40.381296
130963.130173 -41.227312
130981.941309 -42.073329
131038.374718 -42.919331
131094.808126 -43.765334
131113.619263 -44.611350
131132.430399 -45.457367
131170.052671 -46.303377
131226.486080 -47.149379
131282.919488 -47.995381
131301.730625 -48.841398
131320.541761 -49.687415
131376.975169 -50.533417
131433.408578 -51.379420
131452.219714 -52.225436
131489.841986 -53.917470
131565.086531 -54.763465
131602.708804 -55.609474
131621.519940 -56.455491
131640.331076 -57.301508
131677.953348 -58.147517
131753.197893 -58.993513
131790.820166 -59.839522
131828.442438 -61.531555
131903.686983 -62.377551
131960.120391 -63.223553
131978.931527 -64.069570
132016.553800 -64.915579
132091.798345 -65.761575
132129.420617 -66.607584
132148.231753 -67.453601
132204.665162 -68.299603
132261.098570 -69.145606
132298.720843 -69.991615
132336.343115 -70.837625
132392.776524 -71.683627
132449.209932 -72.529630
132468.021068 -73.375647
132505.643341 -74.221656
132562.076749 -75.067659
132618.510158 -75.913661
132637.321294 -76.759678
132674.943567 -77.605687
132750.188111 -78.451683
132806.621520 -79.297685
132825.432656 -80.143702
132863.054929 -80.989711
132919.488337 -81.835714
132975.921746 -82.681716
132994.732882 -83.527733
133032.355154 -84.373742
133107.599699 -85.219738
133145.221971 -86.065747
133164.033108 -86.911764
133201.655380 -87.757773
133276.899925 -88.603769
133314.522197 -89.449778
133333.333333 -90.295795
133389.766742 -91.141797
133446.200150 -91.987800
133483.822423 -92.833809
133502.633559 -93.679826
133559.066968 -94.525829
133615.500376 -95.371831
133653.122649 -96.217841
133690.744921 -97.063850
133747.178330 -97.909853
133803.611738 -98.755855
133841.234011 -99.601865
133897.667419 -100.447867
133954.100828 -101.293869
133972.911964 -102.139886
133991.723100 -102.985903
134048.156509 -103.831905
134123.401053 -104.677901
134161.023326 -105.523910
134179.834462 -106.369927
134217.456734 -107.215936
134273.890143 -108.061939
134330.323552 -108.907941
134386.756960 -109.753944
134443.190369 -110.599946
134499.623777 -111.445949
134556.057186 -112.291951
134612.490594 -113.137954
134668.924003 -113.983956
134725.357412 -114.829959
134781.790820 -115.675961
134838.224229 -116.521963
134894.657637 -117.367966
134951.091046 -118.213968
135007.524454 -119.059971
135063.957863 -119.905973
135120.391272 -120.751976
135176.824680 -121.597978
135252.069225 -122.443974
135308.502634 -123.289976
135364.936042 -124.135979
135421.369451 -124.981981
135458.991723 -125.809190
135496.613995 -126.655200
135647.103085 -127.482366
135966.892400 -128.271868
136343.115124 -129.023748
136531.226486 -129.700496
136625.282167 -129.832064
136963.882619 -128.967113
137302.483070 -128.196164
137622.272385 -127.406421
137923.250564 -126.616686
138224.228743 -125.845751
138487.584650 -125.037230
138694.507148 -124.209929
138882.618510 -123.382635
139051.918736 -122.555348
139221.218962 -121.728061
139409.330324 -120.900767
139616.252822 -120.073466
139823.175320 -119.264966
140011.286682 -118.437672
140218.209180 -117.610371
140406.320542 -116.783077
140519.187359 -115.937011
140801.354402 -115.128482
140970.654628 -114.301195
141102.332581 -113.473923
141234.010534 -112.627850
141365.688488 -111.800577
141497.366441 -110.954504
141629.044394 -110.127231
141798.344620 -109.299944
141967.644846 -108.472657
142099.322799 -107.645385
142212.189616 -106.799319
142325.056433 -105.953252
142550.790068 -105.163545
142927.012792 -104.430183
143416.102333 -103.753181
143528.969150 -103.621535
143905.191874 -103.076178
144375.470278 -103.602416
145071.482318 -104.015766
145692.249812 -104.617149
146218.961625 -105.293770
146463.506396 -106.102101
146557.562077 -106.948089
146708.051166 -107.775255
146839.729120 -108.602429
146952.595937 -109.448410
147065.462754 -110.294392
147197.140707 -111.121565
147328.818661 -111.967539
147441.685478 -112.813521
147573.363431 -113.659495
147705.041384 -114.486669
147799.097065 -115.332657
147893.152746 -116.178645
148024.830700 -117.024619
148288.186606 -117.814142
148739.653875 -118.509592
149322.799097 -119.092189
149981.188864 -119.618356
150357.411588 -120.201031
150677.200903 -120.106908
150865.312265 -119.524021
151260.346125 -118.753051
151598.946576 -117.982102
151899.924755 -117.211168
152106.847254 -116.383867
152219.714071 -115.537800
152332.580888 -114.691734
152464.258841 -113.845661
152577.125658 -113.018396
152671.181339 -112.172336
152746.425884 -111.345085
152802.859293 -110.499040
152840.481565 -109.653002
152896.914974 -108.806957
152953.348382 -107.960912
153009.781791 -107.114868
153066.215199 -106.268823
153103.837472 -105.422785
153141.459744 -104.576747
153254.326561 -103.730681
153310.759970 -102.884636
153367.193378 -102.038591
153423.626787 -101.192546
153480.060196 -100.346501
153536.493604 -99.500456
153592.927013 -98.654411
153630.549285 -97.808374
153686.982694 -96.962329
153743.416102 -96.116284
153837.471783 -95.270225
154006.772009 -94.442938
154194.883371 -93.615644
154364.183597 -92.788357
154552.294959 -91.961063
154759.217457 -91.152563
154966.139955 -90.344062
155154.251317 -89.516768
155342.362679 -88.689475
155511.662904 -87.862188
155680.963130 -87.034901
155869.074492 -86.207607
156057.185854 -85.380313
156226.486080 -84.553026
156395.786305 -83.725740
156508.653123 -82.898474
156583.897667 -82.052422
156734.386757 -81.206342
156941.309255 -80.379041
156978.931527 -79.194593
157091.798345 -79.589362
157355.154251 -79.965273
157524.454477 -80.792433
157618.510158 -81.638421
157731.376975 -82.484403
157863.054929 -83.311576
158032.355154 -84.138736
158145.221971 -84.965916
158314.522197 -85.811876
158540.255831 -86.582613
158671.933785 -87.315784
158709.556057 -88.067791
158803.611738 -88.913779
159010.534236 -87.240455
159142.212190 -86.413182
159273.890143 -85.585909
159405.568096 -84.739836
159556.057186 -83.912556
159725.357412 -83.085270
159875.846501 -82.257990
159988.713318 -81.411924
160195.635816 -80.584623
160534.236268 -79.851275
161060.948081 -79.230660
161662.904439 -78.647617
162189.616253 -78.008201
162509.405568 -77.274860
162659.894658 -76.447580
162753.950339 -75.601521
162829.194883 -74.755469
162923.250564 -73.928211
162998.495109 -73.082159
163092.550790 -72.254900
163186.606471 -71.408841
163261.851016 -70.562789
163337.095561 -69.716737
163431.151242 -68.889479
163525.206922 -68.043420
163619.262603 -67.216161
163694.507148 -66.370109
163807.373965 -65.542844
163920.240783 -64.715578
164033.107600 -63.869512
164145.974417 -63.042246
164258.841234 -62.196180
164371.708051 -61.350114
164484.574868 -60.522848
164578.630549 -59.676789
164691.497366 -58.830723
164804.364184 -58.003458
164898.419865 -57.157399
165011.286682 -56.311332
165124.153499 -55.484067
165237.020316 -54.638001
165349.887133 -53.810735
165425.131678 -52.964683
165462.753950 -52.081044
165669.676448 -51.310145
166309.255079 -50.727088
166384.499624 -50.858663
166591.422122 -51.516604
166854.778029 -52.324928
167136.945071 -53.114444
167437.923251 -53.903953
167720.090293 -54.712269
168021.068473 -55.501778
168284.424379 -56.291301
168453.724605 -57.118461
168528.969150 -57.964456
168585.402558 -58.810459
168660.647103 -59.656454
168735.891648 -60.502449
168811.136193 -61.348445
168886.380737 -62.194440
168999.247555 -63.040421
169130.925508 -63.886396
169243.792325 -64.732377
169375.470278 -65.578351
169525.959368 -66.405518
169657.637321 -67.251492
169751.693002 -68.097480
169883.370956 -68.924654
170052.671181 -69.751813
170184.349135 -70.578987
170278.404816 -71.424975
170410.082769 -72.252149
170560.571859 -73.079315
170786.305493 -73.906454
171068.472536 -74.695970
171369.450715 -75.485479
171651.617758 -76.293795
171802.106847 -77.102161
171952.595937 -77.083304
172215.951843 -77.891628
172573.363431 -76.763462
172987.208427 -76.067687
173250.564334 -75.240365
173532.731377 -74.413035
173852.520692 -73.623293
174172.310008 -72.852351
174454.477050 -72.043822
174699.021821 -71.235308
175000.000000 -70.445572
175244.544771 -69.637058
175507.900677 -68.828536
175696.012039 -68.170447
175827.689992 -68.038794
176448.457487 -68.564975
176975.169300 -69.222796
177389.014296 -69.974661
177802.859293 -70.726526
178197.893153 -71.459598
178498.871332 -72.230307
178668.171558 -73.057466
178781.038375 -73.884647
178912.716328 -74.711821
179063.205418 -75.538987
179194.883371 -76.366161
179364.183597 -77.193320
179533.483822 -78.020480
179721.595184 -78.847632
179890.895410 -79.674792
180060.195636 -80.501951
180210.684725 -81.329118
180398.796087 -82.156270
180624.529722 -82.964608
180850.263356 -83.791746
181075.996990 -84.637685
181433.408578 -85.351971
182035.364936 -85.821758
182204.665162 -85.708891
182336.343115 -85.032022
182693.754703 -84.279867
183032.355154 -83.508918
183370.955606 -82.737969
183709.556057 -81.967020
184066.967645 -81.196064
184405.568096 -80.425115
184744.168548 -79.654167
185082.768999 -78.883218
185402.558315 -78.093475
185609.480813 -77.266174
185722.347630 -76.420108
185816.403311 -75.574049
185929.270128 -74.746784
186023.325809 -73.900724
186117.381490 -73.054665
186230.248307 -72.208599
186343.115124 -71.362533
186437.170805 -70.535275
186550.037622 -69.689208
186644.093303 -68.843149
186775.771257 -68.015877
186907.449210 -65.496557
187001.504891 -66.342545
187189.616253 -64.688028
187321.294206 -63.860755
187415.349887 -63.014696
187509.405568 -62.187438
187603.461249 -61.341379
187716.328066 -60.495313
187810.383747 -59.668054
187923.250564 -58.821988
188036.117381 -57.994722
188130.173062 -57.167464
188224.228743 -56.321405
188337.095561 -55.494139
188449.962378 -54.648073
188562.829195 -53.802007
188656.884876 -52.974748
188750.940557 -52.128689
188863.807374 -51.301424
188957.863055 -50.455365
189070.729872 -49.609298
189164.785553 -48.782040
189240.030098 -47.935988
189315.274643 -47.108737
189390.519187 -46.262685
189484.574868 -45.416625
189559.819413 -44.570573
189635.063958 -43.724522
189710.308503 -42.878470
189804.364184 -42.032410
189879.608728 -41.186358
189954.853273 -40.340307
190030.097818 -39.494255
190105.342363 -38.648203
190180.586907 -37.802151
190255.831452 -36.956099
190331.075997 -36.128847
190406.320542 -35.282795
190500.376223 -34.436736
190575.620767 -33.590684
190669.676448 -32.744625
190744.920993 -31.898573
190820.165538 -31.052521
190895.410083 -30.206469
190970.654628 -29.360417
191045.899172 -28.514365
191121.143717 -27.668313
191215.199398 -26.822254
191290.443943 -25.976202
191346.877351 -25.130157
191478.555305 -24.302885
191685.477803 -23.494384
191948.833710 -22.685862
192231.000752 -21.896134
192494.356659 -21.087613
192776.523702 -20.279084
193039.879609 -19.489363
193322.046652 -18.680834
193585.402558 -17.891113
193848.758465 -17.082591
194130.925508 -16.292863
194394.281415 -15.503142
194657.637321 -14.713421
194939.804364 -13.923692
195221.971407 -13.115164
195541.760722 -12.325421
195917.983446 -11.554458
196313.017306 -10.802289
196689.240030 -10.031326
196971.407073 -9.241598
197140.707299 -10.670374
197366.440933 -11.478712
197498.118886 -12.324686
197629.796840 -13.151859
197780.285929 -13.979026
197911.963883 -14.806200
198006.019564 -15.652188
198118.886381 -16.479369
198231.753198 -17.325350
198344.620015 -18.171331
198457.486832 -18.998512
198551.542513 -19.844500
198664.409330 -20.690482
198833.709556 -21.517641
198908.954101 -22.363636
199078.254327 -23.209596
199360.421369 -23.999112
199755.455229 -24.750985
200263.355907 -25.408812
200827.689992 -25.935015
200959.367946 -25.897364
201392.024078 -25.314385
201862.302483 -24.637390
202182.091798 -23.866448
202294.958616 -23.020382
202313.769752 -22.174351
202332.580888 -21.328320
202370.203160 -20.482282
202407.825433 -19.636244
202520.692250 -18.790178
202577.125658 -17.944133
202633.559067 -17.098089
202840.481565 -16.289588
203197.893153 -15.556233
203686.982694 -14.841629
204194.883371 -14.145819
204665.161776 -13.450022
205135.440181 -12.735426
205643.340858 -12.058416
206207.674944 -11.437786
206772.009029 -10.817157
207336.343115 -10.196527
207919.488337 -9.575890
208483.822423 -8.955261
209066.967645 -8.334624
209650.112867 -7.732788
210252.069225 -7.130945
210835.214447 -6.529109
211437.170805 -5.927266
212039.127163 -5.306622
212622.272385 -4.667185
213243.039880 -4.159337
213976.674191 -3.914654
214804.364184 -3.951944
215632.054176 -4.196040
216309.255079 -4.646998
216835.966892 -5.286018
217268.623025 -6.019076
217701.279157 -6.770934
218133.935290 -7.485191
218566.591422 -8.199449
218924.003010 -8.970136
219149.736644 -9.797274
219281.414597 -10.624448
219413.092551 -11.451621
219563.581640 -12.278788
219714.070730 -13.105954
219864.559819 -13.933121
220033.860045 -14.760281
220203.160271 -15.587440
220372.460497 -16.414600
220541.760722 -17.241759
220692.249812 -18.068926
220861.550038 -18.896085
221012.039127 -19.723252
221162.528217 -20.550418
221313.017306 -21.377585
221425.884123 -22.223566
221519.939804 -23.069554
221613.995485 -23.915543
221689.240030 -24.761538
221764.484575 -25.607534
221839.729120 -26.434728
221914.973664 -27.280724
222009.029345 -28.107912
222084.273890 -28.953907
222159.518435 -29.799902
222234.762980 -30.645898
222328.818661 -31.473086
222404.063205 -32.319081
222479.307750 -33.146276
222554.552295 -33.992271
222648.607976 -34.838260
222723.852521 -35.684255
222817.908202 -36.530243
222893.152746 -37.376239
222968.397291 -38.222234
223043.641836 -39.068230
223137.697517 -39.914218
223212.942062 -40.760213
223288.186606 -41.606209
223363.431151 -42.433403
223438.675696 -43.279399
223513.920241 -44.106594
223589.164786 -44.952589
223683.220467 -45.798577
223758.465011 -46.644573
223833.709556 -47.490568
223927.765237 -48.336557
224021.820918 -49.182545
224078.254327 -50.028547
224153.498871 -50.874543
224228.743416 -51.720538
224322.799097 -52.566526
224398.043642 -53.412522
224473.288187 -54.258517
224548.532731 -55.104513
224623.777276 -55.950508
224699.021821 -56.796503
224736.644093 -57.642513
224793.077502 -58.488515
224849.510910 -59.334518
224905.944319 -60.180520
224962.377728 -61.026523
225037.622272 -61.872518
225075.244545 -62.718528
225112.866817 -63.564537
225188.111362 -64.410533
225244.544771 -65.256535
225300.978179 -66.102538
225357.411588 -66.948540
225413.844996 -67.794543
225470.278405 -68.640545
225545.522950 -69.486541
225583.145222 -70.332550
225620.767494 -71.178560
225696.012039 -72.024555
225752.445448 -72.870557
225808.878856 -73.716560
225865.312265 -74.562562
225921.745673 -75.408565
225978.179082 -76.254567
226034.612491 -77.100570
226109.857035 -77.946565
226166.290444 -78.792568
226260.346125 -78.792532
226392.024078 -79.600905
226693.002257 -78.115551
226881.113619 -77.288257
226975.169300 -76.442198
227069.224981 -75.614939
227182.091798 -74.768873
227257.336343 -73.941622
227313.769752 -73.095577
227389.014296 -72.249525
227464.258841 -71.403473
227520.692250 -70.557428
227595.936795 -69.711376
227652.370203 -68.865331
227727.614748 -68.038079
227802.859293 -67.192028
227896.914974 -66.364769
228085.026336 -65.537475
228367.193378 -64.747747
228724.604966 -63.976791
229063.205418 -63.205842
229382.994733 -62.416100
229702.784048 -61.645158
230022.573363 -60.874216
230248.306998 -60.065708
230361.173815 -59.219642
230417.607223 -58.373597
230455.229496 -57.527560
230511.662904 -56.681515
230586.907449 -55.835463
230662.151994 -54.989411
230718.585403 -54.143366
230775.018811 -53.297321
230831.452220 -52.451276
230887.885628 -51.605231
230944.319037 -50.759186
231000.752445 -49.913141
231057.185854 -49.067096
231132.430399 -48.221044
231207.674944 -47.374992
231282.919488 -46.528940
231358.164033 -45.682888
231414.597442 -44.836844
231471.030850 -43.990799
231508.653123 -43.144761
231565.086531 -42.298716
231677.953348 -41.452650
231696.764485 -40.606619
231772.009029 -39.760567
231847.253574 -38.914515
231903.686983 -38.068470
231960.120391 -37.222425
231997.742664 -36.376387
232035.364936 -35.530350
232091.798345 -34.684305
232148.231753 -33.838260
232185.854026 -32.992222
232223.476298 -32.146184
232279.909707 -31.300139
232317.531979 -30.454101
232355.154251 -29.608063
232430.398796 -28.762012
232486.832205 -27.915967
232524.454477 -27.069929
232562.076749 -26.223891
232618.510158 -25.377846
232656.132430 -24.531808
232693.754703 -23.685770
232750.188111 -22.839725
232844.243792 -22.012467
232938.299473 -21.166408
233069.977427 -20.339135
233220.466516 -19.511855
233333.333333 -18.665789
233446.200150 -17.819723
233577.878104 -16.973650
233709.556057 -16.146377
233822.422874 -15.300311
233954.100828 -14.454238
234085.778781 -13.608165
234236.267871 -12.780885
234443.190369 -11.972385
234744.168548 -11.182649
235007.524454 -10.637335
235101.580135 -10.411693
235421.369451 -9.640752
235703.536494 -11.107086
235910.458992 -11.877830
235966.892400 -12.761434
236079.759217 -13.607415
236249.059443 -14.434575
236399.548533 -15.261741
236531.226486 -16.088915
236644.093303 -16.934896
236756.960120 -17.762077
236926.260346 -18.589236
237133.182844 -19.416382
237358.916479 -20.224719
237584.650113 -21.033057
237810.383747 -21.860195
238054.928518 -22.668526
238280.662152 -23.495664
238487.584650 -24.322810
238713.318284 -25.131147
238939.051919 -25.958286
239127.163281 -26.785438
239296.463506 -27.612598
239446.952596 -28.439764
239597.441685 -29.266931
239710.308503 -30.112912
239841.986456 -30.958886
239973.664409 -31.786060
240142.964635 -32.613219
240312.264861 -33.440379
240462.753950 -34.267545
240575.620767 -35.113527
240707.298721 -35.940700
240838.976674 -36.786675
240989.465764 -37.613841
241158.765989 -38.441001
241309.255079 -39.268167
241440.933032 -40.095341
241534.988713 -40.941329
241610.233258 -41.787325
241666.666667 -42.633327
241723.100075 -43.479330
241779.533484 -44.325332
241835.966892 -45.171334
241892.400301 -46.017337
242024.078254 -46.863311
242080.511663 -47.709314
242118.133935 -48.555323
242174.567344 -49.401326
242231.000752 -50.247328
242287.434161 -51.093331
242343.867570 -51.939333
242400.300978 -52.785335
242456.734387 -53.631338
242513.167795 -54.477340
242588.412340 -55.323336
242644.845749 -56.169338
242701.279157 -57.015341
242776.523702 -57.861336
242832.957111 -58.707339
242889.390519 -59.553341
242964.635064 -60.399336
243021.068473 -61.245339
243077.501881 -62.091341
243133.935290 -62.937344
243190.368698 -63.783346
243246.802107 -64.629349
243303.235515 -65.475351
243359.668924 -66.321354
243434.913469 -67.167349
243491.346877 -68.013352
243547.780286 -68.859354
243623.024831 -69.705349
243679.458239 -70.551352
243735.891648 -71.397354
243811.136193 -72.243350
243867.569601 -73.089352
243942.814146 -73.935348
244036.869827 -74.762535
244112.114372 -75.608531
244187.358916 -76.435726
244262.603461 -77.281721
244356.659142 -78.108909
244431.903687 -78.954904
244507.148232 -79.782099
244582.392777 -80.628095
244657.637321 -81.474090
244751.693002 -82.320078
244845.748683 -83.166067
244920.993228 -84.012062
244996.237773 -84.858057
245071.482318 -85.704053
245165.537998 -86.550041
245240.782543 -87.396037
245316.027088 -88.242032
245391.271633 -89.088027
245485.327314 -89.934016
245560.571859 -90.780011
245635.816403 -91.626006
245729.872084 -92.471995
245805.116629 -93.317990
245880.361174 -94.163986
245974.416855 -95.009974
246106.094808 -95.837148
246218.961625 -96.664328
246313.017306 -97.510317
246444.695260 -98.356291
246595.184349 -99.183457
246726.862302 -100.010631
246839.729120 -100.856612
246952.595937 -101.683793
247065.462754 -102.510974
247159.518435 -103.356962
247291.196388 -104.202936
247535.741159 -104.992466
247911.963883 -105.744346
248344.620015 -106.477404
248720.842739 -107.229283
249529.721595 -106.928171
250150.489090 -106.382722
250677.200903 -105.705705
251072.234763 -104.991137
251297.968397 -104.182629
251410.835214 -103.317762
251504.890895 -102.471703
251655.379985 -101.644424
251805.869074 -100.817144
251918.735892 -99.971078
252031.602709 -99.125012
252144.469526 -98.278945
252219.714071 -97.432894
252313.769752 -96.586834
252407.825433 -95.740775
252520.692250 -94.894709
252595.936795 -92.375410
252633.559067 -94.048643
252708.803612 -93.221392
252859.292701 -91.566889
253122.648608 -90.758367
253480.060196 -89.987411
253969.149737 -89.310408
254608.728367 -88.971758
254646.350640 -88.821340
255135.440181 -89.648379
255793.829947 -90.193347
256376.975169 -90.794745
257204.665162 -90.944838
257279.909707 -90.794405
257411.587660 -89.967132
257580.887886 -89.139846
257731.376975 -88.312566
257863.054929 -87.466493
257957.110609 -86.620433
258013.544018 -85.774389
258540.255831 -85.116172
259255.079007 -84.683491
259311.512415 -84.777473
259781.790820 -85.491716
260252.069225 -86.187158
260741.158766 -86.882594
261211.437171 -87.596837
261662.904439 -88.311087
262076.749436 -89.044152
262434.161023 -89.814840
262791.572611 -90.585527
263148.984199 -91.356214
263431.151242 -92.145730
263995.485327 -92.126717
264616.252822 -91.543668
265293.453725 -91.016998
265895.410083 -90.415155
266346.877351 -90.038975
266478.555305 -89.794518
267118.133935 -90.414695
267531.978932 -91.110159
267814.145974 -91.937276
268171.557562 -92.707963
268510.158014 -93.478658
269337.848006 -93.403144
269958.615500 -92.951698
270221.971407 -92.199578
270316.027088 -91.334719
270410.082769 -90.469859
270541.760722 -89.623786
270654.627540 -88.777720
270805.116629 -87.950440
270974.416855 -87.123153
271087.283672 -86.295887
271181.339353 -85.449828
271313.017306 -84.622556
271482.317532 -83.795269
271613.995485 -82.949196
271726.862302 -82.103130
271858.540256 -81.257056
271990.218209 -80.429784
272103.085026 -79.602518
272215.951843 -78.756452
272347.629797 -77.929179
272479.307750 -77.101907
272592.174567 -76.255841
272705.041384 -75.409774
272836.719338 -74.582502
272949.586155 -73.755236
273062.452972 -72.909170
273194.130926 -72.063097
273325.808879 -71.235824
273438.675696 -70.408558
273607.975922 -69.581272
273833.709556 -68.772764
274078.254327 -67.983050
274398.043642 -67.193308
274736.644093 -66.553963
274849.510910 -66.478718
275075.244545 -67.324657
275357.411588 -68.114173
275696.012039 -68.884867
275996.990218 -69.674376
276279.157261 -70.482693
276486.079759 -71.046631
276617.757713 -71.253387
276787.057938 -70.256895
277012.791573 -69.448388
277219.714071 -68.621087
277445.447705 -67.812579
277689.992476 -67.004065
277915.726110 -66.195557
278141.459744 -65.387050
278367.193378 -64.578542
278536.493604 -63.770056
278668.171558 -62.923983
278799.849511 -62.077909
278931.527464 -61.250637
279025.583145 -60.404578
279138.449962 -59.558512
279270.127916 -58.731239
279382.994733 -57.885173
279495.861550 -57.039107
279608.728367 -56.211841
279721.595184 -55.365775
279834.462002 -54.519709
279947.328819 -53.692443
280060.195636 -52.865178
280173.062453 -52.019111
280285.929270 -51.191846
280398.796087 -50.364580
280511.662904 -49.518514
280643.340858 -48.691241
280775.018811 -47.863969
280869.074492 -47.017910
280981.941309 -46.171844
281094.808126 -45.344578
281207.674944 -44.498512
281339.352897 -43.652439
281471.030850 -42.825166
281583.897667 -41.979100
281696.764485 -41.133034
281809.631302 -40.305768
281922.498119 -39.459702
281997.742664 -38.613650
282072.987208 -37.767598
282148.231753 -36.921546
282223.476298 -36.075494
282298.720843 -35.229442
282373.965388 -34.383390
282449.209932 -33.537338
282524.454477 -32.691286
282599.699022 -31.864035
282674.943567 -31.017983
282768.999248 -30.171924
282844.243792 -29.325872
282919.488337 -28.479820
282994.732882 -27.633768
283069.977427 -26.787716
283145.221971 -25.941664
283220.466516 -25.095612
283314.522197 -24.249553
283408.577878 -23.403494
283521.444695 -22.557428
283615.500376 -21.711368
283709.556057 -20.865309
283765.989466 -20.000464
283860.045147 -19.173205
284161.023326 -18.458672
284725.357412 -17.932045
285364.936042 -17.405390
285929.270128 -16.765960
286418.359669 -16.070157
286926.260346 -15.393147
287471.783296 -15.505745
287979.683973 -16.182373
288525.206922 -16.821386
288750.940557 -17.629723
288920.240783 -18.456883
289033.107600 -19.302864
289145.974417 -20.148845
289277.652370 -20.976019
289428.141460 -21.803186
289578.630549 -22.630352
289710.308503 -23.457526
289823.175320 -24.303507
289936.042137 -25.130688
290048.908954 -25.976669
290161.775771 -26.822650
290255.831452 -27.668639
290349.887133 -28.514627
290462.753950 -29.360608
290575.620767 -30.187789
290669.676448 -31.033777
290782.543266 -31.860958
290876.598947 -32.706946
290989.465764 -33.552927
291083.521445 -34.380115
291177.577126 -35.226104
291309.255079 -36.072078
291422.121896 -36.899258
291534.988713 -37.745240
291647.855530 -38.572420
291741.911211 -39.418409
291835.966892 -40.264397
291948.833710 -41.091578
292061.700527 -41.937559
292155.756208 -42.783547
292287.434161 -43.610721
292475.545523 -44.437873
292720.090293 -45.246204
292964.635064 -46.054535
293209.179834 -46.862866
293491.346877 -47.671182
293754.702784 -48.479506
293999.247555 -49.287836
294262.603461 -50.096160
294525.959368 -50.904484
294789.315275 -51.712807
295052.671181 -52.521131
295297.215952 -53.329461
295560.571859 -54.137785
295805.116629 -54.946116
296087.283672 -55.754432
296425.884123 -56.525127
296764.484575 -57.314621
297084.273890 -58.104123
297516.930023 -58.818381
297817.908202 -59.288281
298231.753198 -59.288125
298457.486832 -58.742825
298758.465011 -57.971890
298946.576373 -57.125796
299134.687735 -56.298502
299360.421369 -55.489994
299567.343868 -54.662693
299736.644093 -53.835406
299887.133183 -53.008127
300018.811136 -52.180854
300169.300226 -51.353574
300300.978179 -50.507501
300432.656132 -49.680228
300601.956358 -48.852942
300752.445448 -48.025662
300902.934537 -47.198382
301072.234763 -46.371095
301203.912716 -45.543823
301335.590670 -44.697749
301467.268623 -43.870477
301598.946576 -43.043204
301768.246802 -42.215917
301918.735892 -41.388637
302050.413845 -40.561365
302144.469526 -39.715306
302276.147479 -38.888033
302445.447705 -38.060746
302558.314522 -37.214680
302671.181339 -36.368614
302802.859293 -35.541341
302934.537246 -34.714069
303047.404063 -33.868002
303179.082017 -33.021929
303310.759970 -32.175856
303386.004515 -31.329804
303480.060196 -30.483745
303781.038375 -29.731611
304326.561324 -29.129789
305041.384500 -28.715908
305869.074492 -28.546393
306753.197893 -28.527260
307543.265613 -28.376558
308107.599699 -27.925133
308408.577878 -27.210600
308577.878104 -26.383313
308728.367193 -25.537233
308897.667419 -24.691146
309066.967645 -23.863859
309236.267871 -23.036572
309405.568096 -22.209285
309612.490594 -21.400785
309894.657637 -20.611057
310195.635816 -19.802521
310496.613995 -19.012786
310778.781038 -18.204257
311079.759217 -17.395721
311531.226486 -16.643530
312170.805117 -16.098075
312942.061701 -15.928580
313619.262603 -16.229134
314145.974417 -16.849353
314597.441685 -17.563603
315030.097818 -18.315462
315462.753950 -19.048519
315914.221219 -19.762770
316403.310760 -20.477006
316930.022573 -21.172427
317550.790068 -21.717409
318322.046652 -21.980326
319149.736644 -21.923614
319808.126411 -21.509754
320165.537998 -20.832801
320334.838224 -20.005514
320447.705041 -19.140648
320560.571859 -18.294581
320673.438676 -17.448515
320786.305493 -16.602449
320899.172310 -15.775184
320993.227991 -14.929125
321124.905944 -14.083051
321256.583898 -13.236978
321407.072987 -12.409698
321576.373213 -11.582412
321745.673439 -10.755125
321896.162528 -9.927845
322046.651618 -9.100565
322178.329571 -8.273293
322310.007524 -7.446020
322479.307750 -6.618733
322742.663657 -5.810211
323118.886381 -5.058049
323532.731377 -4.324673
323946.576373 -3.572496
324341.610233 -2.839127
324736.644093 -2.105758
325150.489090 -1.353581
325601.956358 -0.638992
326091.045899 0.056812
326542.513168 0.771402
326975.169300 1.504785
327426.636569 2.219375
327896.914974 2.915171
328386.004515 3.648575
328950.338600 4.344407
329608.728367 4.720665
330229.495862 4.551694
330699.774266 3.950254
331113.619263 3.179588
331508.653123 2.371314
331828.442438 1.581812
332016.553800 0.773460
332110.609481 -0.072528
332185.854026 -0.918524
332261.098570 -1.764519
332355.154251 -2.610508
332430.398796 -3.456503
332505.643341 -4.302498
332580.887886 -5.148494
332674.943567 -5.994482
332750.188111 -6.840477
332825.432656 -7.686473
332900.677201 -8.513668
332975.921746 -9.359663
333051.166290 -10.186858
333126.410835 -11.032853
333220.466516 -11.878842
333295.711061 -12.724837
333370.955606 -13.570833
333446.200150 -14.416828
333540.255831 -15.262816
333615.500376 -16.108812
333690.744921 -16.954807
333765.989466 -17.800802
333841.234011 -18.646798
333916.478555 -19.473993
333991.723100 -20.319988
334066.967645 -21.147183
334161.023326 -21.993171
334255.079007 -22.820359
334330.323552 -23.666354
334405.568096 -24.493549
334462.001505 -25.339552
334537.246050 -26.185547
334593.679458 -27.031550
334612.490594 -27.877566
334668.924003 -28.723569
334744.168548 -29.569564
334781.790820 -30.415574
334819.413093 -31.261583
334875.846501 -32.107586
334932.279910 -32.953588
334951.091046 -33.799605
334988.713318 -34.645614
335063.957863 -35.491610
335120.391272 -36.337612
335139.202408 -37.183629
335176.824680 -38.029638
335233.258089 -38.875641
335289.691497 -39.721643
335346.124906 -40.567646
335402.558315 -41.413648
335440.180587 -42.259658
335458.991723 -43.105674
335515.425132 -43.951677
335590.669676 -44.797672
335628.291949 -45.643682
335665.914221 -46.489691
335722.347630 -47.335694
335759.969902 -48.181703
335797.592175 -49.027713
335854.025583 -49.873715
335929.270128 -50.719711
335966.892400 -51.565720
336004.514673 -52.411730
336042.136945 -53.257739
336079.759217 -54.103749
336117.381490 -54.949758
336173.814898 -55.795761
336249.059443 -56.641756
336305.492852 -57.487759
336343.115124 -58.333768
336380.737397 -59.179778
336437.170805 -60.025780
336474.793078 -60.871790
336512.415350 -61.717799
336568.848758 -62.563802
336625.282167 -63.409804
336662.904439 -64.255814
336700.526712 -65.101823
336756.960120 -65.947826
336794.582393 -66.793835
336832.204665 -67.639845
336907.449210 -68.485840
336963.882619 -69.331843
337001.504891 -70.177852
337057.938299 -71.023855
337114.371708 -71.869857
337151.993980 -72.715867
337170.805117 -73.561884
337227.238525 -74.407886
337283.671934 -75.253888
337321.294206 -76.099898
337377.727615 -76.945900
337434.161023 -77.791903
337471.783296 -78.637912
337509.405568 -79.483922
337565.838977 -80.329924
337622.272385 -81.175927
337659.894658 -82.021936
337716.328066 -82.867939
337772.761475 -83.713941
337810.383747 -84.559951
337829.194883 -85.405968
337885.628292 -86.251970
337960.872837 -87.097965
337998.495109 -87.943975
338036.117381 -88.789985
338092.550790 -89.635987
338148.984199 -90.481989
338186.606471 -91.327999
338224.228743 -92.174009
338280.662152 -93.020011
338374.717833 -93.865999
338468.773514 -94.711988
338562.829195 -95.557976
338675.696012 -96.385157
338769.751693 -97.231145
338863.807374 -98.077133
338957.863055 -98.923122
339051.918736 -99.769110
339164.785553 -100.596291
339258.841234 -101.442279
339352.896915 -102.269467
339446.952596 -103.115455
339559.819413 -103.961436
339653.875094 -104.807425
339747.930775 -105.653413
339860.797592 -106.480594
339954.853273 -107.326582
340048.908954 -108.172570
340142.964635 -109.018559
340255.831452 -109.864540
340349.887133 -110.710528
340443.942814 -111.556517
340556.809631 -112.383697
340650.865312 -113.229686
340763.732129 -114.075667
340857.787810 -114.902855
340989.465764 -115.730028
341177.577126 -116.557181
341384.499624 -117.384326
341591.422122 -118.211472
341779.533484 -119.038624
341986.455982 -119.846969
342212.189616 -120.655307
342419.112114 -121.482452
342588.412340 -122.309611
342795.334838 -123.136757
343039.879609 -123.945087
343152.746426 -124.302255
343265.613243 -124.753425
343717.080512 -123.681625
344112.114372 -122.929456
344413.092551 -122.120920
344620.015049 -121.312420
344751.693002 -120.485147
344883.370956 -119.639074
344996.237773 -118.793008
345127.915726 -117.946934
345278.404816 -117.119655
345428.893905 -116.292375
345541.760722 -115.446309
345673.438676 -114.600236
345805.116629 -113.754162
345917.983446 -112.908096
346012.039127 -112.062037
346106.094808 -111.215978
346218.961625 -110.369912
346313.017306 -109.523853
346407.072987 -108.696594
346501.128668 -107.850535
346613.995485 -107.023270
346689.240030 -106.177218
346764.484575 -105.331166
346858.540256 -104.485107
346952.595937 -103.639048
347065.462754 -102.792982
347159.518435 -101.946923
347272.385252 -101.119657
347366.440933 -100.273598
347460.496614 -99.446339
347535.741159 -98.600287
347610.985704 -97.754235
347667.419112 -96.908190
347705.041384 -96.062153
347761.474793 -95.216108
347836.719338 -94.370056
347911.963883 -93.524004
347968.397291 -92.677959
347987.208427 -91.831928
348062.452972 -90.985876
348118.886381 -90.139831
348175.319789 -89.293786
348250.564334 -88.447734
348306.997743 -87.601689
348344.620015 -86.755652
348401.053424 -85.909607
348457.486832 -85.063562
348513.920241 -84.217517
348589.164786 -83.371465
348645.598194 -82.525420
348702.031603 -81.679375
348758.465011 -80.833330
348814.898420 -79.987285
348871.331828 -79.141240
348927.765237 -78.295195
348984.198646 -77.449151
349040.632054 -76.603106
349115.876599 -75.757054
349191.121144 -74.911002
349209.932280 -74.553785
349247.554552 -74.064957
349774.266366 -75.192790
350075.244545 -75.982299
350263.355907 -76.809452
350413.844996 -77.636618
350564.334086 -78.463785
350733.634312 -79.290944
350884.123401 -80.118111
351053.423627 -80.945270
351241.534989 -81.772423
351392.024078 -82.599589
351730.624530 -84.065903
351937.547028 -83.257403
352088.036117 -81.790905
352200.902935 -81.772062
352389.014296 -80.944768
352539.503386 -80.117488
352727.614748 -79.290195
352896.914974 -78.462908
353028.592927 -77.635635
353160.270880 -76.808362
353291.948834 -75.962289
353442.437923 -75.135009
353592.927013 -74.307730
353705.793830 -73.461664
353837.471783 -72.615590
353969.149737 -71.769517
354119.638826 -70.942237
354307.750188 -70.114944
354552.294959 -69.306429
354796.839729 -68.497914
355041.384500 -67.689400
355267.118134 -66.880892
355511.662904 -66.072378
355775.018811 -65.282657
356019.563582 -64.474142
356245.297216 -63.665634
356489.841986 -62.857120
356753.197893 -62.067399
356978.931527 -61.258891
357167.042889 -60.450398
357336.343115 -59.623111
357505.643341 -58.795824
357674.943567 -57.968537
357844.243792 -57.141251
358013.544018 -56.313964
358126.410835 -55.449097
358276.899925 -54.603017
358634.311512 -53.926063
359292.701279 -53.549805
360101.580135 -53.342695
360891.647856 -53.060390
361531.226486 -52.571336
362039.127163 -51.913127
362490.594432 -51.179737
362904.439428 -50.446360
363280.662152 -49.694198
363600.451467 -48.904456
363844.996238 -48.077140
364070.729872 -47.268633
364258.841234 -46.441339
364465.763732 -45.614038
364691.497366 -44.805531
364898.419865 -43.997030
365067.720090 -43.150943
365255.831452 -42.304848
365613.243040 -41.571493
366234.010534 -41.101247
367005.267118 -40.950553
367795.334838 -41.119460
368604.213695 -41.382364
368999.247555 -41.626622
369450.714823 -41.419646
369563.581640 -41.005992
369902.182092 -40.235043
370146.726862 -39.407728
370428.893905 -38.599200
370711.060948 -37.790671
371012.039127 -37.019736
371313.017306 -36.230001
371613.995485 -35.459066
371914.973664 -34.669331
372234.762980 -33.879588
372554.552295 -33.089846
372855.530474 -32.300111
373194.130926 -31.529162
373513.920241 -30.739419
373814.898420 -29.930884
374134.687735 -29.159942
374473.288187 -28.388993
374849.510910 -27.618030
375206.922498 -26.847074
375545.522950 -26.038524
375940.556810 -25.286354
376486.079759 -24.722133
377238.525207 -24.458643
378103.837472 -24.345515
378987.960873 -24.232379
379759.217457 -23.931281
380304.740406 -23.367060
380643.340858 -22.633712
380906.696764 -21.825190
381151.241535 -21.016676
381395.786305 -20.208161
381659.142212 -19.399639
381997.742664 -18.628690
382449.209932 -17.914101
382957.110609 -17.237091
383502.633559 -16.578867
384048.156509 -15.920644
384593.679458 -15.281221
385063.957863 -14.585424
385402.558315 -13.833276
385647.103085 -13.024761
385854.025583 -12.216261
386079.759217 -11.407753
386305.492852 -10.580445
386550.037622 -9.771931
386756.960120 -8.944630
386963.882619 -8.098528
387321.294206 -7.346373
387904.439428 -6.838539
388656.884876 -6.631451
389522.197141 -6.555923
390368.698269 -6.386400
391027.088036 -5.934940
391497.366441 -5.276745
391892.400301 -4.524575
392268.623025 -3.772413
392663.656885 -3.020243
393039.879609 -2.268081
393397.291196 -1.497125
393829.947329 -0.763741
394337.848006 -0.086731
394920.993228 0.533905
395504.138450 1.154542
396068.472536 1.775171
396651.617758 2.377008
397234.762980 2.978844
397799.097065 3.618274
398325.808879 4.276490
398871.331828 4.915913
399398.043642 5.574130
399924.755455 6.232346
400470.278405 6.871769
401015.801354 7.511192
401410.835214 7.511341
401937.547028 6.834720
402464.258841 6.176900
403047.404063 5.556701
403592.927013 4.917689
404345.372460 4.993174
405154.251317 5.331887
405981.941309 5.614206
406828.442438 5.764929
407693.754703 5.802855
408502.633559 5.652755
409161.023326 5.220591
409687.735139 4.581571
410120.391272 3.867314
410553.047404 3.134256
410985.703536 2.401198
411418.359669 1.668140
411851.015801 0.935082
412302.483070 0.220832
412753.950339 -0.493418
413186.606471 -1.226476
413619.262603 -1.940733
413976.674191 -2.692620
414202.407825 -3.500958
414315.274643 -4.346939
414428.141460 -5.192920
414559.819413 -6.020094
414710.308503 -6.847261
414879.608728 -7.674420
415011.286682 -8.520394
415124.153499 -9.366376
415255.831452 -10.212350
415406.320542 -11.039516
415556.809631 -11.866683
415669.676448 -12.693864
415782.543266 -13.539845
415914.221219 -14.367019
416064.710309 -15.194185
416234.010534 -16.021345
416403.310760 -16.848504
416591.422122 -17.675657
416779.533484 -18.502809
417005.267118 -19.329947
417231.000752 -20.138285
417456.734387 -20.965423
417682.468021 -21.792562
417908.201655 -22.600899
418115.124153 -23.428045
418303.235515 -24.255197
418510.158014 -25.082342
418754.702784 -25.890673
418961.625282 -26.717819
419130.925508 -27.544978
419300.225734 -28.372138
419413.092551 -29.199318
419507.148232 -30.045307
419620.015049 -30.872487
419732.881866 -31.718469
419826.937547 -32.564457
419920.993228 -33.391645
420015.048909 -34.237633
420109.104590 -35.064821
420203.160271 -35.910809
420316.027088 -36.756790
420410.082769 -37.602779
420504.138450 -38.448767
420598.194131 -39.275955
420711.060948 -40.121936
420823.927765 -40.949117
420899.172310 -41.795112
420993.227991 -42.641100
421162.528217 -43.468260
421407.072987 -44.276591
421651.617758 -45.084921
421914.973664 -45.893245
422159.518435 -46.701576
422404.063205 -47.509906
422667.419112 -48.318230
422911.963883 -49.126561
423156.508653 -49.934891
423419.864560 -50.743215
423683.220467 -51.551539
423927.765237 -52.378670
424134.687735 -53.205815
424266.365688 -54.032989
424341.610233 -54.860184
424416.854778 -55.706179
424529.721595 -56.552160
424623.777276 -57.398149
424717.832957 -58.244137
424793.077502 -59.090132
424887.133183 -59.936121
424962.377728 -60.782116
425056.433409 -61.628104
425150.489090 -62.474093
425225.733634 -63.320088
425319.789315 -64.147276
425413.844996 -64.993264
425507.900677 -65.839253
425583.145222 -66.685248
425658.389767 -67.512443
425733.634312 -68.358438
425827.689992 -69.185626
425940.556810 -70.031607
426072.234763 -70.858781
426222.723853 -71.685947
426335.590670 -72.531929
426429.646351 -73.377917
426561.324304 -74.205091
426711.813394 -75.032257
426824.680211 -75.878239
426937.547028 -76.724220
427069.224981 -77.551393
427219.714071 -78.378560
427332.580888 -79.224541
427445.447705 -80.070522
427577.125658 -80.897696
427689.992476 -81.743677
427802.859293 -82.589659
427934.537246 -83.435633
428066.215199 -84.262806
428179.082017 -85.108788
428291.948834 -85.954769
428423.626787 -86.781943
428555.304740 -87.609116
428668.171558 -88.455098
428781.038375 -89.301079
428931.527464 -90.128245
429063.205418 -90.955419
429176.072235 -91.801400
429288.939052 -92.647381
429420.617005 -93.474555
429552.294959 -94.301729
429665.161776 -95.147710
429796.839729 -95.993684
429947.328819 -96.820851
